00 0.000000 0.000729 -62.747826 3.141593
01 21.533203 0.000694 -63.174682 2.834796
02 43.066406 0.000592 -64.548467 2.528000
03 64.599609 0.000434 -67.249919 2.221204
04 86.132812 0.000234 -72.615027 1.914408
05 107.666016 0.000012 -98.771893 1.607612
06 129.199219 0.000212 -73.466705 -1.840777
07 150.732422 0.000416 -67.626943 -2.147573
08 172.265625 0.000579 -64.743063 -2.454369
09 193.798828 0.000687 -63.255936 -2.761165
10 215.332031 0.000730 -62.737437 -3.067962
11 236.865234 0.000702 -63.073551 2.908428
12 258.398438 0.000607 -64.337569 2.601631
13 279.931641 0.000454 -66.867972 2.294835
14 301.464844 0.000256 -71.818565 1.988039
15 322.998047 0.000035 -89.204346 1.681243
16 344.531250 0.000191 -74.391605 -1.767146
17 366.064453 0.000398 -68.001046 -2.073942
18 387.597656 0.000567 -64.921794 -2.380738
19 409.130859 0.000683 -63.317354 -2.687534
20 430.664062 0.000732 -62.706130 -2.994330
21 452.197266 0.000712 -62.952223 2.982059
22 473.730469 0.000623 -64.109690 2.675262
23 495.263672 0.000474 -66.479089 2.368466
24 516.796875 0.000280 -71.063570 2.061670
25 538.330078 0.000058 -84.716832 1.754874
26 559.863281 0.000170 -75.414306 -1.693515
27 581.396484 0.000381 -68.374272 -2.000311
28 602.929688 0.000557 -65.084856 -2.307107
29 624.462891 0.000679 -63.358698 -2.613903
30 645.996094 0.000737 -62.653477 -2.920699
31 667.529297 0.000724 -62.810100 3.055690
32 689.062500 0.000641 -63.863900 2.748894
33 710.595703 0.000497 -66.081188 2.442097
34 732.128906 0.000304 -70.339131 2.135301
35 753.662109 0.000082 -81.717711 1.828505
36 775.195312 0.000148 -76.569937 -1.619884
37 796.728516 0.000365 -68.748787 -1.926680
38 818.261719 0.000548 -65.232208 -2.233476
39 839.794922 0.000678 -63.379442 -2.540272
40 861.328125 0.000743 -62.578751 -2.847068
41 882.861328 0.000737 -62.646283 3.129321
42 904.394531 0.000661 -63.598994 2.822525
43 925.927734 0.000520 -65.672066 2.515728
44 947.460938 0.000330 -69.636253 2.208932
45 968.994141 0.000107 -79.431318 1.902136
46 990.527344 0.000127 -77.911581 -1.546253
47 1012.060547 0.000350 -69.126962 -1.853049
48 1033.593750 0.000539 -65.363565 -2.159845
49 1055.126953 0.000678 -63.378759 -2.466641
50 1076.660156 0.000752 -62.480910 -2.773437
51 1098.193359 0.000753 -62.459560 -3.080233
52 1119.726562 0.000683 -63.313470 2.896156
53 1141.259766 0.000546 -65.249348 2.589360
54 1162.792969 0.000357 -68.947236 2.282563
55 1184.326172 0.000132 -77.556586 1.975767
56 1205.859375 0.000106 -79.525291 -1.472622
57 1227.392578 0.000335 -69.511495 -1.779418
58 1248.925781 0.000532 -65.478385 -2.086214
59 1270.458984 0.000680 -63.355495 -2.393010
60 1291.992188 0.000762 -62.358573 -2.699806
61 1313.525391 0.000772 -62.248375 -3.006602
62 1335.058594 0.000707 -63.005500 2.969787
63 1356.591797 0.000575 -64.810427 2.662991
64 1378.125000 0.000386 -68.265224 2.356194
65 1399.658203 0.000160 -75.943950 2.049398
66 1421.191406 0.000084 -81.564744 -1.398990
67 1442.724609 0.000320 -69.905579 -1.705787
68 1464.257812 0.000526 -65.575859 -2.012583
69 1485.791016 0.000683 -63.308147 -2.319379
70 1507.324219 0.000775 -62.209984 -2.626175
71 1528.857422 0.000793 -62.010792 -2.932971
72 1550.390625 0.000735 -62.672882 3.043418
73 1571.923828 0.000606 -64.352408 2.736622
74 1593.457031 0.000418 -67.583876 2.429826
75 1614.990234 0.000188 -74.507356 2.123029
76 1636.523438 0.000061 -84.347436 -1.325359
77 1658.056641 0.000305 -70.313150 -1.632156
78 1679.589844 0.000522 -65.654903 -1.938952
79 1701.123047 0.000689 -63.234828 -2.245748
80 1722.656250 0.000791 -62.032976 -2.552544
81 1744.189453 0.000818 -61.744451 -2.859340
82 1765.722656 0.000766 -62.312995 3.117049
83 1787.255859 0.000640 -63.872033 2.810253
84 1808.789062 0.000452 -66.897090 2.503457
85 1830.322266 0.000219 -73.191914 2.196660
86 1851.855469 0.000037 -88.720327 -1.251728
87 1873.388672 0.000290 -70.739269 -1.558524
88 1894.921875 0.000518 -65.714155 -1.865321
89 1916.455078 0.000697 -63.133240 -2.172117
90 1937.988281 0.000811 -61.824936 -2.478913
91 1959.521484 0.000847 -61.446527 -2.785709
92 1981.054688 0.000801 -61.922745 -3.092505
93 2002.587891 0.000679 -63.365617 2.883884
94 2024.121094 0.000490 -66.198787 2.577088
95 2045.654297 0.000252 -71.959632 2.270292
96 2067.187500 0.000011 -99.003138 -1.178097
97 2088.720703 0.000276 -71.190731 -1.484893
98 2110.253906 0.000516 -65.752014 -1.791690
99 2131.787109 0.000708 -63.000663 -2.098486
100 2153.320312 0.000833 -61.582772 -2.405282
101 2174.853516 0.000880 -61.113687 -2.712078
102 2196.386719 0.000842 -61.498514 -3.018874
103 2217.919922 0.000722 -62.828967 2.957515
104 2239.453125 0.000532 -65.482715 2.650719
105 2260.986328 0.000289 -70.782260 2.343923
106 2282.519531 0.000016 -95.858639 2.037126
107 2304.052734 0.000261 -71.677112 -1.411262
108 2325.585938 0.000515 -65.766740 -1.718058
109 2347.119141 0.000722 -62.833982 -2.024855
110 2368.652344 0.000861 -61.302917 -2.331651
111 2390.185547 0.000918 -60.742076 -2.638447
112 2411.718750 0.000888 -61.036127 -2.945243
113 2433.251953 0.000771 -62.257327 3.031146
114 2454.785156 0.000579 -64.742282 2.724350
115 2476.318359 0.000330 -69.637336 2.417554
116 2497.851562 0.000046 -86.760694 2.110758
117 2519.384766 0.000245 -72.212639 -1.337631
118 2540.917969 0.000515 -65.756722 -1.644427
119 2562.451172 0.000739 -62.629833 -1.951224
120 2583.984375 0.000893 -60.981428 -2.258020
121 2605.517578 0.000963 -60.327384 -2.564816
122 2627.050781 0.000941 -60.530887 -2.871612
123 2648.583984 0.000827 -61.645376 3.104777
124 2670.117188 0.000633 -63.970441 2.797981
125 2691.650391 0.000376 -68.505808 2.491185
126 2713.183594 0.000079 -82.049588 2.184389
127 2734.716797 0.000229 -72.819804 -1.264000
128 2756.250000 0.000518 -65.721112 -1.570796
129 2777.783203 0.000760 -62.384994 -1.877592
130 2799.316406 0.000932 -60.614288 -2.184389
131 2820.849609 0.001016 -59.865094 -2.491185
132 2842.382812 0.001003 -59.977783 -2.797981
133 2863.916016 0.000893 -60.987360 -3.104777
134 2885.449219 0.000695 -63.159690 2.871612
135 2906.982422 0.000428 -67.370534 2.564816
136 2928.515625 0.000116 -78.683359 2.258020
137 2950.048828 0.000210 -73.536958 -1.190369
138 2971.582031 0.000521 -65.661315 -1.497165
139 2993.115234 0.000785 -62.097396 -1.803961
140 3014.648438 0.000977 -60.198248 -2.110758
141 3036.181641 0.001078 -59.351222 -2.417554
142 3057.714844 0.001075 -59.372124 -2.724350
143 3079.248047 0.000969 -60.277617 -3.031146
144 3100.781250 0.000767 -62.302363 2.945243
145 3122.314453 0.000489 -66.215342 2.638447
146 3143.847656 0.000160 -75.939458 2.331651
147 3165.380859 0.000190 -74.436153 -1.116738
148 3186.914062 0.000526 -65.584596 -1.423534
149 3208.447266 0.000816 -61.768660 -1.730330
150 3229.980469 0.001031 -59.732981 -2.037126
151 3251.513672 0.001150 -58.784253 -2.343923
152 3273.046875 0.001160 -58.711297 -2.650719
153 3294.580078 0.001058 -59.512090 -2.957515
154 3316.113281 0.000852 -61.391711 3.018874
155 3337.646484 0.000561 -65.024692 2.712078
156 3359.179688 0.000211 -73.516266 2.405282
157 3380.712891 0.000165 -75.672033 -1.043107
158 3402.246094 0.000530 -65.513402 -1.349903
159 3423.779297 0.000850 -61.410711 -1.656699
160 3445.312500 0.001093 -59.226798 -1.963495
161 3466.845703 0.001234 -58.170364 -2.270292
162 3488.378906 0.001259 -57.999565 -2.577088
163 3509.912109 0.001162 -58.692560 -2.883884
164 3531.445312 0.000952 -60.425131 3.092505
165 3552.978516 0.000647 -63.784392 2.785709
166 3574.511719 0.000274 -71.241549 2.478913
167 3596.044922 0.000131 -77.651399 -0.969476
168 3617.578125 0.000530 -65.512160 -1.276272
169 3639.111328 0.000885 -61.064651 -1.583068
170 3660.644531 0.001160 -58.713000 -1.889864
171 3682.177734 0.001328 -57.538476 -2.196660
172 3703.710938 0.001371 -57.262022 -2.503457
173 3725.244141 0.001282 -57.839101 -2.810253
174 3746.777344 0.001070 -59.413850 -3.117049
175 3768.310547 0.000751 -62.484965 2.859340
176 3789.843750 0.000356 -68.978874 2.552544
177 3811.376953 0.000080 -81.955790 -0.895845
178 3832.910156 0.000514 -65.779230 -1.202641
179 3854.443359 0.000905 -60.863338 -1.509437
180 3875.976562 0.001216 -58.303846 -1.816233
181 3897.509766 0.001414 -56.989995 -2.123029
182 3919.042969 0.001481 -56.590814 -2.429826
183 3940.576172 0.001407 -57.031306 -2.736622
184 3962.109375 0.001200 -58.414641 -3.043418
185 3983.642578 0.000878 -61.132356 2.932971
186 4005.175781 0.000470 -66.556227 2.626175
187 4026.708984 0.000016 -96.095341 2.319379
188 4048.242188 0.000442 -67.084179 -1.129010
189 4069.775391 0.000861 -61.304393 -1.435806
190 4091.308594 0.001199 -58.420973 -1.742602
191 4112.841797 0.001427 -56.909784 -2.049398
192 4134.375000 0.001524 -56.340151 -2.356194
193 4155.908203 0.001483 -56.579643 -2.662991
194 4177.441406 0.001310 -57.655364 -2.969787
195 4198.974609 0.001026 -59.777439 3.006602
196 4220.507812 0.000662 -63.588559 2.699806
197 4242.041016 0.000255 -71.882940 2.393010
198 4263.574219 0.000154 -76.222311 -1.055379
199 4285.107422 0.000528 -65.553542 -1.362175
200 4306.640625 0.000834 -61.576468 -1.668971
201 4328.173828 0.001054 -59.541020 -1.975767
202 4349.707031 0.001183 -58.539496 -2.282563
203 4371.240234 0.001230 -58.198643 -2.589360
204 4392.773438 0.001220 -58.272017 -2.896156
205 4414.306641 0.001186 -58.517558 3.080233
206 4435.839844 0.001167 -58.660846 2.773437
207 4457.373047 0.001196 -58.443942 2.466641
208 4478.906250 0.001295 -57.753761 2.159845
209 4500.439453 0.001459 -56.716518 1.853049
210 4521.972656 0.001649 -55.653572 1.546253
211 4543.505859 0.001780 -54.992841 1.239456
212 4565.039062 0.001711 -55.334424 0.932660
213 4586.572266 0.001244 -58.100466 0.625864
214 4608.105469 0.000119 -78.490793 0.319068
215 4629.638672 0.001986 -54.041652 -3.129321
216 4651.171875 0.005443 -45.283104 2.847068
217 4672.705078 0.010668 -39.438004 2.540272
218 4694.238281 0.018103 -34.844803 2.233476
219 4715.771484 0.028197 -30.995973 1.926680
220 4737.304688 0.041383 -27.663531 1.619884
221 4758.837891 0.058058 -24.722749 1.313088
222 4780.371094 0.078556 -22.096452 1.006291
223 4801.904297 0.103125 -19.732696 0.699495
224 4823.437500 0.131912 -17.594316 0.392699
225 4844.970703 0.164940 -15.653464 0.085903
226 4866.503906 0.202104 -13.888505 -0.220893
227 4888.037109 0.243161 -12.282132 -0.527689
228 4909.570312 0.287735 -10.820152 -0.834486
229 4931.103516 0.335325 -9.490677 -1.141282
230 4952.636719 0.385321 -8.283554 -1.448078
231 4974.169922 0.437021 -7.189956 -1.754874
232 4995.703125 0.489661 -6.202082 -2.061670
233 5017.236328 0.542443 -5.312916 -2.368466
234 5038.769531 0.594562 -4.516052 -2.675262
235 5060.302734 0.645242 -3.805546 -2.982059
236 5081.835938 0.693761 -3.175800 2.994330
237 5103.369141 0.739481 -2.621465 2.687534
238 5124.902344 0.781865 -2.137365 2.380738
239 5146.435547 0.820499 -1.718434 2.073942
240 5167.968750 0.855099 -1.359667 1.767146
241 5189.501953 0.885514 -1.056092 1.460350
242 5211.035156 0.911723 -0.802743 1.153554
243 5232.568359 0.933828 -0.594662 0.846757
244 5254.101562 0.952039 -0.426910 0.539961
245 5275.634766 0.966653 -0.294589 0.233165
246 5297.167969 0.978038 -0.192890 -0.073631
247 5318.701172 0.986604 -0.117143 -0.380427
248 5340.234375 0.992786 -0.062886 -0.687223
249 5361.767578 0.997019 -0.025933 -0.994020
250 5383.300781 0.999718 -0.002447 -1.300816
251 5404.833984 1.001267 0.010994 -1.607612
252 5426.367188 1.001999 0.017347 -1.914408
253 5447.900391 1.002198 0.019068 -2.221204
254 5469.433594 1.002086 0.018098 -2.528000
255 5490.966797 1.001830 0.015881 -2.834796
256 5512.500000 1.001544 0.013400 3.141593
257 5534.033203 1.001294 0.011232 2.834796
258 5555.566406 1.001109 0.009627 2.528000
259 5577.099609 1.000989 0.008587 2.221204
260 5598.632812 1.000916 0.007954 1.914408
261 5620.166016 1.000863 0.007489 1.607612
262 5641.699219 1.000799 0.006937 1.300816
263 5663.232422 1.000701 0.006089 0.994020
264 5684.765625 1.000554 0.004809 0.687223
265 5706.298828 1.000353 0.003063 0.380427
266 5727.832031 1.000105 0.000909 0.073631
267 5749.365234 0.999827 -0.001502 -0.233165
268 5770.898438 0.999544 -0.003963 -0.539961
269 5792.431641 0.999283 -0.006232 -0.846757
270 5813.964844 0.999071 -0.008069 -1.153554
271 5835.498047 0.998934 -0.009268 -1.460350
272 5857.031250 0.998886 -0.009683 -1.767146
273 5878.564453 0.998936 -0.009245 -2.073942
274 5900.097656 0.999082 -0.007976 -2.380738
275 5921.630859 0.999312 -0.005981 -2.687534
276 5943.164062 0.999604 -0.003443 -2.994330
277 5964.697266 0.999931 -0.000599 2.982059
278 5986.230469 1.000263 0.002281 2.675262
279 6007.763672 1.000567 0.004924 2.368466
280 6029.296875 1.000816 0.007081 2.061670
281 6050.830078 1.000985 0.008553 1.754874
282 6072.363281 1.001061 0.009207 1.448078
283 6093.896484 1.001036 0.008992 1.141282
284 6115.429688 1.000914 0.007940 0.834486
285 6136.962891 1.000710 0.006163 0.527689
286 6158.496094 1.000442 0.003842 0.220893
287 6180.029297 1.000139 0.001205 -0.085903
288 6201.562500 0.999828 -0.001491 -0.392699
289 6223.095703 0.999541 -0.003990 -0.699495
290 6244.628906 0.999303 -0.006059 -1.006291
291 6266.162109 0.999136 -0.007511 -1.313088
292 6287.695312 0.999054 -0.008219 -1.619884
293 6309.228516 0.999064 -0.008134 -1.926680
294 6330.761719 0.999162 -0.007280 -2.233476
295 6352.294922 0.999337 -0.005757 -2.540272
296 6373.828125 0.999571 -0.003724 -2.847068
297 6395.361328 0.999840 -0.001386 3.129321
298 6416.894531 1.000118 0.001026 2.822525
299 6438.427734 1.000378 0.003283 2.515728
300 6459.960938 1.000596 0.005174 2.208932
301 6481.494141 1.000752 0.006526 1.902136
302 6503.027344 1.000832 0.007226 1.595340
303 6524.560547 1.000832 0.007222 1.288544
304 6546.093750 1.000752 0.006530 0.981748
305 6567.626953 1.000603 0.005233 0.674952
306 6589.160156 1.000400 0.003469 0.368155
307 6610.693359 1.000163 0.001417 0.061359
308 6632.226562 0.999917 -0.000722 -0.245437
309 6653.759766 0.999684 -0.002742 -0.552233
310 6675.292969 0.999488 -0.004452 -0.859029
311 6696.826172 0.999344 -0.005696 -1.165825
312 6718.359375 0.999267 -0.006367 -1.472622
313 6739.892578 0.999262 -0.006414 -1.779418
314 6761.425781 0.999327 -0.005847 -2.086214
315 6782.958984 0.999455 -0.004735 -2.393010
316 6804.492188 0.999632 -0.003196 -2.699806
317 6826.025391 0.999840 -0.001387 -3.006602
318 6847.558594 1.000059 0.000511 2.969787
319 6869.091797 1.000267 0.002317 2.662991
320 6890.625000 1.000444 0.003859 2.356194
321 6912.158203 1.000575 0.004996 2.049398
322 6933.691406 1.000648 0.005629 1.742602
323 6955.224609 1.000658 0.005709 1.435806
324 6976.757812 1.000604 0.005240 1.129010
325 6998.291016 1.000493 0.004280 0.822214
326 7019.824219 1.000338 0.002931 0.515418
327 7041.357422 1.000153 0.001331 0.208621
328 7062.890625 0.999958 -0.000361 -0.098175
329 7084.423828 0.999772 -0.001983 -0.404971
330 7105.957031 0.999611 -0.003378 -0.711767
331 7127.490234 0.999491 -0.004420 -1.018563
332 7149.023438 0.999423 -0.005014 -1.325359
333 7170.556641 0.999411 -0.005114 -1.632156
334 7192.089844 0.999457 -0.004721 -1.938952
335 7213.623047 0.999553 -0.003883 -2.245748
336 7235.156250 0.999690 -0.002690 -2.552544
337 7256.689453 0.999855 -0.001264 -2.859340
338 7278.222656 1.000029 0.000254 3.117049
339 7299.755859 1.000197 0.001715 2.810253
340 7321.289062 1.000343 0.002981 2.503457
341 7342.822266 1.000453 0.003934 2.196660
342 7364.355469 1.000517 0.004489 1.889864
343 7385.888672 1.000530 0.004601 1.583068
344 7407.421875 1.000492 0.004268 1.276272
345 7428.955078 1.000407 0.003531 0.969476
346 7450.488281 1.000284 0.002469 0.662680
347 7472.021484 1.000137 0.001191 0.355884
348 7493.554688 0.999980 -0.000178 0.049087
349 7515.087891 0.999827 -0.001502 -0.257709
350 7536.621094 0.999694 -0.002655 -0.564505
351 7558.154297 0.999594 -0.003531 -0.871301
352 7579.687500 0.999534 -0.004049 -1.178097
353 7601.220703 0.999520 -0.004166 -1.484893
354 7622.753906 0.999553 -0.003879 -1.791690
355 7644.287109 0.999629 -0.003224 -2.098486
356 7665.820312 0.999739 -0.002270 -2.405282
357 7687.353516 0.999872 -0.001116 -2.712078
358 7708.886719 1.000014 0.000125 -3.018874
359 7730.419922 1.000153 0.001330 2.957515
360 7751.953125 1.000274 0.002384 2.650719
361 7773.486328 1.000367 0.003188 2.343923
362 7795.019531 1.000423 0.003669 2.037126
363 7816.552734 1.000436 0.003788 1.730330
364 7838.085938 1.000407 0.003538 1.423534
365 7859.619141 1.000340 0.002950 1.116738
366 7881.152344 1.000240 0.002088 0.809942
367 7902.685547 1.000120 0.001040 0.503146
368 7924.218750 0.999990 -0.000091 0.196350
369 7945.751953 0.999863 -0.001192 -0.110447
370 7967.285156 0.999751 -0.002159 -0.417243
371 7988.818359 0.999666 -0.002900 -0.724039
372 8010.351562 0.999615 -0.003348 -1.030835
373 8031.884766 0.999601 -0.003463 -1.337631
374 8053.417969 0.999627 -0.003241 -1.644427
375 8074.951172 0.999688 -0.002709 -1.951224
376 8096.484375 0.999779 -0.001923 -2.258020
377 8118.017578 0.999889 -0.000964 -2.564816
378 8139.550781 1.000008 0.000071 -2.871612
379 8161.083984 1.000125 0.001083 3.104777
380 8182.617188 1.000227 0.001972 2.797981
381 8204.150391 1.000306 0.002655 2.491185
382 8225.683594 1.000353 0.003069 2.184389
383 8247.216797 1.000366 0.003179 1.877592
384 8268.750000 1.000343 0.002978 1.570796
385 8290.283203 1.000287 0.002491 1.264000
386 8311.816406 1.000204 0.001770 0.957204
387 8333.349609 1.000102 0.000889 0.650408
388 8354.882812 0.999993 -0.000064 0.343612
389 8376.416016 0.999885 -0.000996 0.036816
390 8397.949219 0.999791 -0.001817 -0.269981
391 8419.482422 0.999718 -0.002448 -0.576777
392 8441.015625 0.999674 -0.002831 -0.883573
393 8462.548828 0.999662 -0.002933 -1.190369
394 8484.082031 0.999684 -0.002747 -1.497165
395 8505.615234 0.999736 -0.002297 -1.803961
396 8527.148438 0.999812 -0.001630 -2.110758
397 8548.681641 0.999906 -0.000815 -2.417554
398 8570.214844 1.000008 0.000067 -2.724350
399 8591.748047 1.000107 0.000930 -3.031146
400 8613.281250 1.000194 0.001689 2.945243
401 8634.814453 1.000262 0.002271 2.638447
402 8656.347656 1.000302 0.002624 2.331651
403 8677.880859 1.000313 0.002716 2.024855
404 8699.414062 1.000293 0.002541 1.718058
405 8720.947266 1.000244 0.002121 1.411262
406 8742.480469 1.000173 0.001500 1.104466
407 8764.013672 1.000085 0.000741 0.797670
408 8785.546875 0.999991 -0.000079 0.490874
409 8807.080078 0.999899 -0.000880 0.184078
410 8828.613281 0.999818 -0.001584 -0.122718
411 8850.146484 0.999756 -0.002123 -0.429515
412 8871.679688 0.999718 -0.002447 -0.736311
413 8893.212891 0.999709 -0.002528 -1.043107
414 8914.746094 0.999728 -0.002360 -1.349903
415 8936.279297 0.999774 -0.001963 -1.656699
416 8957.812500 0.999841 -0.001379 -1.963495
417 8979.345703 0.999923 -0.000669 -2.270292
418 9000.878906 1.000011 0.000098 -2.577088
419 9022.412109 1.000097 0.000845 -2.883884
420 9043.945312 1.000173 0.001499 3.092505
421 9065.478516 1.000230 0.001998 2.785709
422 9087.011719 1.000264 0.002294 2.478913
423 9108.544922 1.000272 0.002362 2.172117
424 9130.078125 1.000253 0.002197 1.865321
425 9151.611328 1.000209 0.001818 1.558524
426 9173.144531 1.000146 0.001266 1.251728
427 9194.677734 1.000069 0.000596 0.944932
428 9216.210938 0.999986 -0.000124 0.638136
429 9237.744141 0.999905 -0.000823 0.331340
430 9259.277344 0.999835 -0.001433 0.024544
431 9280.810547 0.999782 -0.001895 -0.282252
432 9302.343750 0.999751 -0.002164 -0.589049
433 9323.876953 0.999745 -0.002218 -0.895845
434 9345.410156 0.999764 -0.002053 -1.202641
435 9366.943359 0.999806 -0.001688 -1.509437
436 9388.476562 0.999866 -0.001160 -1.816233
437 9410.009766 0.999940 -0.000525 -2.123029
438 9431.542969 1.000018 0.000155 -2.429826
439 9453.076172 1.000094 0.000812 -2.736622
440 9474.609375 1.000159 0.001382 -3.043418
441 9496.142578 1.000208 0.001809 2.932971
442 9517.675781 1.000236 0.002053 2.626175
443 9539.208984 1.000241 0.002092 2.319379
444 9560.742188 1.000222 0.001924 2.012583
445 9582.275391 1.000181 0.001568 1.705787
446 9603.808594 1.000122 0.001061 1.398990
447 9625.341797 1.000052 0.000454 1.092194
448 9646.875000 0.999978 -0.000192 0.785398
449 9668.408203 0.999906 -0.000812 0.478602
450 9689.941406 0.999845 -0.001346 0.171806
451 9711.474609 0.999800 -0.001742 -0.134990
452 9733.007812 0.999774 -0.001961 -0.441786
453 9754.541016 0.999772 -0.001984 -0.748583
454 9776.074219 0.999792 -0.001811 -1.055379
455 9797.607422 0.999832 -0.001460 -1.362175
456 9819.140625 0.999889 -0.000967 -1.668971
457 9840.673828 0.999956 -0.000383 -1.975767
458 9862.207031 1.000027 0.000233 -2.282563
459 9883.740234 1.000095 0.000822 -2.589360
460 9905.273438 1.000152 0.001323 -2.896156
461 9926.806641 1.000194 0.001689 3.080233
462 9948.339844 1.000217 0.001884 2.773437
463 9969.873047 1.000218 0.001891 2.466641
464 9991.406250 1.000197 0.001710 2.159845
465 10012.939453 1.000157 0.001361 1.853049
466 10034.472656 1.000101 0.000879 1.546253
467 10056.005859 1.000036 0.000313 1.239456
468 10077.539062 0.999968 -0.000280 0.932660
469 10099.072266 0.999903 -0.000840 0.625864
470 10120.605469 0.999849 -0.001313 0.319068
471 10142.138672 0.999810 -0.001652 0.012272
472 10163.671875 0.999790 -0.001824 -0.294524
473 10185.205078 0.999791 -0.001813 -0.601320
474 10206.738281 0.999813 -0.001622 -0.908117
475 10228.271484 0.999854 -0.001271 -1.214913
476 10249.804688 0.999908 -0.000795 -1.521709
477 10271.337891 0.999972 -0.000243 -1.828505
478 10292.871094 1.000038 0.000330 -2.135301
479 10314.404297 1.000100 0.000867 -2.442097
480 10335.937500 1.000151 0.001314 -2.748894
481 10357.470703 1.000187 0.001628 -3.055690
482 10379.003906 1.000205 0.001777 2.920699
483 10400.537109 1.000201 0.001749 2.613903
484 10422.070312 1.000178 0.001546 2.307107
485 10443.603516 1.000137 0.001190 2.000311
486 10465.136719 1.000082 0.000716 1.693515
487 10486.669922 1.000020 0.000173 1.386719
488 10508.203125 0.999956 -0.000384 1.079922
489 10529.736328 0.999896 -0.000901 0.773126
490 10551.269531 0.999847 -0.001326 0.466330
491 10572.802734 0.999814 -0.001617 0.159534
492 10594.335938 0.999799 -0.001745 -0.147262
493 10615.869141 0.999805 -0.001698 -0.454058
494 10637.402344 0.999830 -0.001481 -0.760854
495 10658.935547 0.999871 -0.001117 -1.067651
496 10680.468750 0.999926 -0.000642 -1.374447
497 10702.001953 0.999988 -0.000104 -1.681243
498 10723.535156 1.000051 0.000443 -1.988039
499 10745.068359 1.000109 0.000944 -2.294835
500 10766.601562 1.000155 0.001349 -2.601631
501 10788.134766 1.000186 0.001618 -2.908428
502 10809.667969 1.000199 0.001725 3.067962
503 10831.201172 1.000191 0.001659 2.761165
504 10852.734375 1.000164 0.001426 2.454369
505 10874.267578 1.000121 0.001051 2.147573
506 10895.800781 1.000066 0.000571 1.840777
507 10917.333984 1.000004 0.000035 1.533981
508 10938.867188 0.999942 -0.000505 1.227185
509 10960.400391 0.999886 -0.000994 0.920388
510 10981.933594 0.999841 -0.001383 0.613592
511 11003.466797 0.999812 -0.001633 0.306796
512 11025.000000 0.999802 -0.001719 0.000000
513 11046.533203 0.999812 -0.001633 -0.306796
514 11068.066406 0.999841 -0.001383 -0.613592
515 11089.599609 0.999886 -0.000994 -0.920388
516 11111.132812 0.999942 -0.000505 -1.227185
517 11132.666016 1.000004 0.000035 -1.533981
518 11154.199219 1.000066 0.000571 -1.840777
519 11175.732422 1.000121 0.001051 -2.147573
520 11197.265625 1.000164 0.001426 -2.454369
521 11218.798828 1.000191 0.001659 -2.761165
522 11240.332031 1.000199 0.001725 -3.067962
523 11261.865234 1.000186 0.001618 2.908428
524 11283.398438 1.000155 0.001349 2.601631
525 11304.931641 1.000109 0.000944 2.294835
526 11326.464844 1.000051 0.000443 1.988039
527 11347.998047 0.999988 -0.000104 1.681243
528 11369.531250 0.999926 -0.000642 1.374447
529 11391.064453 0.999871 -0.001117 1.067651
530 11412.597656 0.999830 -0.001481 0.760854
531 11434.130859 0.999805 -0.001698 0.454058
532 11455.664062 0.999799 -0.001745 0.147262
533 11477.197266 0.999814 -0.001617 -0.159534
534 11498.730469 0.999847 -0.001326 -0.466330
535 11520.263672 0.999896 -0.000901 -0.773126
536 11541.796875 0.999956 -0.000384 -1.079922
537 11563.330078 1.000020 0.000173 -1.386719
538 11584.863281 1.000082 0.000716 -1.693515
539 11606.396484 1.000137 0.001190 -2.000311
540 11627.929688 1.000178 0.001546 -2.307107
541 11649.462891 1.000201 0.001749 -2.613903
542 11670.996094 1.000205 0.001777 -2.920699
543 11692.529297 1.000187 0.001628 3.055690
544 11714.062500 1.000151 0.001314 2.748894
545 11735.595703 1.000100 0.000867 2.442097
546 11757.128906 1.000038 0.000330 2.135301
547 11778.662109 0.999972 -0.000243 1.828505
548 11800.195312 0.999908 -0.000795 1.521709
549 11821.728516 0.999854 -0.001271 1.214913
550 11843.261719 0.999813 -0.001622 0.908117
551 11864.794922 0.999791 -0.001813 0.601320
552 11886.328125 0.999790 -0.001824 0.294524
553 11907.861328 0.999810 -0.001652 -0.012272
554 11929.394531 0.999849 -0.001313 -0.319068
555 11950.927734 0.999903 -0.000840 -0.625864
556 11972.460938 0.999968 -0.000280 -0.932660
557 11993.994141 1.000036 0.000313 -1.239456
558 12015.527344 1.000101 0.000879 -1.546253
559 12037.060547 1.000157 0.001361 -1.853049
560 12058.593750 1.000197 0.001710 -2.159845
561 12080.126953 1.000218 0.001891 -2.466641
562 12101.660156 1.000217 0.001884 -2.773437
563 12123.193359 1.000194 0.001689 -3.080233
564 12144.726562 1.000152 0.001323 2.896156
565 12166.259766 1.000095 0.000822 2.589360
566 12187.792969 1.000027 0.000233 2.282563
567 12209.326172 0.999956 -0.000383 1.975767
568 12230.859375 0.999889 -0.000967 1.668971
569 12252.392578 0.999832 -0.001460 1.362175
570 12273.925781 0.999792 -0.001811 1.055379
571 12295.458984 0.999772 -0.001984 0.748583
572 12316.992188 0.999774 -0.001961 0.441786
573 12338.525391 0.999800 -0.001742 0.134990
574 12360.058594 0.999845 -0.001346 -0.171806
575 12381.591797 0.999906 -0.000812 -0.478602
576 12403.125000 0.999978 -0.000192 -0.785398
577 12424.658203 1.000052 0.000454 -1.092194
578 12446.191406 1.000122 0.001061 -1.398990
579 12467.724609 1.000181 0.001568 -1.705787
580 12489.257812 1.000222 0.001924 -2.012583
581 12510.791016 1.000241 0.002092 -2.319379
582 12532.324219 1.000236 0.002053 -2.626175
583 12553.857422 1.000208 0.001809 -2.932971
584 12575.390625 1.000159 0.001382 3.043418
585 12596.923828 1.000094 0.000812 2.736622
586 12618.457031 1.000018 0.000155 2.429826
587 12639.990234 0.999940 -0.000525 2.123029
588 12661.523438 0.999866 -0.001160 1.816233
589 12683.056641 0.999806 -0.001688 1.509437
590 12704.589844 0.999764 -0.002053 1.202641
591 12726.123047 0.999745 -0.002218 0.895845
592 12747.656250 0.999751 -0.002164 0.589049
593 12769.189453 0.999782 -0.001895 0.282252
594 12790.722656 0.999835 -0.001433 -0.024544
595 12812.255859 0.999905 -0.000823 -0.331340
596 12833.789062 0.999986 -0.000124 -0.638136
597 12855.322266 1.000069 0.000596 -0.944932
598 12876.855469 1.000146 0.001266 -1.251728
599 12898.388672 1.000209 0.001818 -1.558524
600 12919.921875 1.000253 0.002197 -1.865321
601 12941.455078 1.000272 0.002362 -2.172117
602 12962.988281 1.000264 0.002294 -2.478913
603 12984.521484 1.000230 0.001998 -2.785709
604 13006.054688 1.000173 0.001499 -3.092505
605 13027.587891 1.000097 0.000845 2.883884
606 13049.121094 1.000011 0.000098 2.577088
607 13070.654297 0.999923 -0.000669 2.270292
608 13092.187500 0.999841 -0.001379 1.963495
609 13113.720703 0.999774 -0.001963 1.656699
610 13135.253906 0.999728 -0.002360 1.349903
611 13156.787109 0.999709 -0.002528 1.043107
612 13178.320312 0.999718 -0.002447 0.736311
613 13199.853516 0.999756 -0.002123 0.429515
614 13221.386719 0.999818 -0.001584 0.122718
615 13242.919922 0.999899 -0.000880 -0.184078
616 13264.453125 0.999991 -0.000079 -0.490874
617 13285.986328 1.000085 0.000741 -0.797670
618 13307.519531 1.000173 0.001500 -1.104466
619 13329.052734 1.000244 0.002121 -1.411262
620 13350.585938 1.000293 0.002541 -1.718058
621 13372.119141 1.000313 0.002716 -2.024855
622 13393.652344 1.000302 0.002624 -2.331651
623 13415.185547 1.000262 0.002271 -2.638447
624 13436.718750 1.000194 0.001689 -2.945243
625 13458.251953 1.000107 0.000930 3.031146
626 13479.785156 1.000008 0.000067 2.724350
627 13501.318359 0.999906 -0.000815 2.417554
628 13522.851562 0.999812 -0.001630 2.110758
629 13544.384766 0.999736 -0.002297 1.803961
630 13565.917969 0.999684 -0.002747 1.497165
631 13587.451172 0.999662 -0.002933 1.190369
632 13608.984375 0.999674 -0.002831 0.883573
633 13630.517578 0.999718 -0.002448 0.576777
634 13652.050781 0.999791 -0.001817 0.269981
635 13673.583984 0.999885 -0.000996 -0.036816
636 13695.117188 0.999993 -0.000064 -0.343612
637 13716.650391 1.000102 0.000889 -0.650408
638 13738.183594 1.000204 0.001770 -0.957204
639 13759.716797 1.000287 0.002491 -1.264000
640 13781.250000 1.000343 0.002978 -1.570796
641 13802.783203 1.000366 0.003179 -1.877592
642 13824.316406 1.000353 0.003069 -2.184389
643 13845.849609 1.000306 0.002655 -2.491185
644 13867.382812 1.000227 0.001972 -2.797981
645 13888.916016 1.000125 0.001083 -3.104777
646 13910.449219 1.000008 0.000071 2.871612
647 13931.982422 0.999889 -0.000964 2.564816
648 13953.515625 0.999779 -0.001923 2.258020
649 13975.048828 0.999688 -0.002709 1.951224
650 13996.582031 0.999627 -0.003241 1.644427
651 14018.115234 0.999601 -0.003463 1.337631
652 14039.648438 0.999615 -0.003348 1.030835
653 14061.181641 0.999666 -0.002900 0.724039
654 14082.714844 0.999751 -0.002159 0.417243
655 14104.248047 0.999863 -0.001192 0.110447
656 14125.781250 0.999990 -0.000091 -0.196350
657 14147.314453 1.000120 0.001040 -0.503146
658 14168.847656 1.000240 0.002088 -0.809942
659 14190.380859 1.000340 0.002950 -1.116738
660 14211.914062 1.000407 0.003538 -1.423534
661 14233.447266 1.000436 0.003788 -1.730330
662 14254.980469 1.000423 0.003669 -2.037126
663 14276.513672 1.000367 0.003188 -2.343923
664 14298.046875 1.000274 0.002384 -2.650719
665 14319.580078 1.000153 0.001330 -2.957515
666 14341.113281 1.000014 0.000125 3.018874
667 14362.646484 0.999872 -0.001116 2.712078
668 14384.179688 0.999739 -0.002270 2.405282
669 14405.712891 0.999629 -0.003224 2.098486
670 14427.246094 0.999553 -0.003879 1.791690
671 14448.779297 0.999520 -0.004166 1.484893
672 14470.312500 0.999534 -0.004049 1.178097
673 14491.845703 0.999594 -0.003531 0.871301
674 14513.378906 0.999694 -0.002655 0.564505
675 14534.912109 0.999827 -0.001502 0.257709
676 14556.445312 0.999980 -0.000178 -0.049087
677 14577.978516 1.000137 0.001191 -0.355884
678 14599.511719 1.000284 0.002469 -0.662680
679 14621.044922 1.000407 0.003531 -0.969476
680 14642.578125 1.000492 0.004268 -1.276272
681 14664.111328 1.000530 0.004601 -1.583068
682 14685.644531 1.000517 0.004489 -1.889864
683 14707.177734 1.000453 0.003934 -2.196660
684 14728.710938 1.000343 0.002981 -2.503457
685 14750.244141 1.000197 0.001715 -2.810253
686 14771.777344 1.000029 0.000254 -3.117049
687 14793.310547 0.999855 -0.001264 2.859340
688 14814.843750 0.999690 -0.002690 2.552544
689 14836.376953 0.999553 -0.003883 2.245748
690 14857.910156 0.999457 -0.004721 1.938952
691 14879.443359 0.999411 -0.005114 1.632156
692 14900.976562 0.999423 -0.005014 1.325359
693 14922.509766 0.999491 -0.004420 1.018563
694 14944.042969 0.999611 -0.003378 0.711767
695 14965.576172 0.999772 -0.001983 0.404971
696 14987.109375 0.999958 -0.000361 0.098175
697 15008.642578 1.000153 0.001331 -0.208621
698 15030.175781 1.000338 0.002931 -0.515418
699 15051.708984 1.000493 0.004280 -0.822214
700 15073.242188 1.000604 0.005240 -1.129010
701 15094.775391 1.000658 0.005709 -1.435806
702 15116.308594 1.000648 0.005629 -1.742602
703 15137.841797 1.000575 0.004996 -2.049398
704 15159.375000 1.000444 0.003859 -2.356194
705 15180.908203 1.000267 0.002317 -2.662991
706 15202.441406 1.000059 0.000511 -2.969787
707 15223.974609 0.999840 -0.001387 3.006602
708 15245.507812 0.999632 -0.003196 2.699806
709 15267.041016 0.999455 -0.004735 2.393010
710 15288.574219 0.999327 -0.005847 2.086214
711 15310.107422 0.999262 -0.006414 1.779418
712 15331.640625 0.999267 -0.006367 1.472622
713 15353.173828 0.999344 -0.005696 1.165825
714 15374.707031 0.999488 -0.004452 0.859029
715 15396.240234 0.999684 -0.002742 0.552233
716 15417.773438 0.999917 -0.000722 0.245437
717 15439.306641 1.000163 0.001417 -0.061359
718 15460.839844 1.000400 0.003469 -0.368155
719 15482.373047 1.000603 0.005233 -0.674952
720 15503.906250 1.000752 0.006530 -0.981748
721 15525.439453 1.000832 0.007222 -1.288544
722 15546.972656 1.000832 0.007226 -1.595340
723 15568.505859 1.000752 0.006526 -1.902136
724 15590.039062 1.000596 0.005174 -2.208932
725 15611.572266 1.000378 0.003283 -2.515728
726 15633.105469 1.000118 0.001026 -2.822525
727 15654.638672 0.999840 -0.001386 -3.129321
728 15676.171875 0.999571 -0.003724 2.847068
729 15697.705078 0.999337 -0.005757 2.540272
730 15719.238281 0.999162 -0.007280 2.233476
731 15740.771484 0.999064 -0.008134 1.926680
732 15762.304688 0.999054 -0.008219 1.619884
733 15783.837891 0.999136 -0.007511 1.313088
734 15805.371094 0.999303 -0.006059 1.006291
735 15826.904297 0.999541 -0.003990 0.699495
736 15848.437500 0.999828 -0.001491 0.392699
737 15869.970703 1.000139 0.001205 0.085903
738 15891.503906 1.000442 0.003842 -0.220893
739 15913.037109 1.000710 0.006163 -0.527689
740 15934.570312 1.000914 0.007940 -0.834486
741 15956.103516 1.001036 0.008992 -1.141282
742 15977.636719 1.001061 0.009207 -1.448078
743 15999.169922 1.000985 0.008553 -1.754874
744 16020.703125 1.000816 0.007081 -2.061670
745 16042.236328 1.000567 0.004924 -2.368466
746 16063.769531 1.000263 0.002281 -2.675262
747 16085.302734 0.999931 -0.000599 -2.982059
748 16106.835938 0.999604 -0.003443 2.994330
749 16128.369141 0.999312 -0.005981 2.687534
750 16149.902344 0.999082 -0.007976 2.380738
751 16171.435547 0.998936 -0.009245 2.073942
752 16192.968750 0.998886 -0.009683 1.767146
753 16214.501953 0.998934 -0.009268 1.460350
754 16236.035156 0.999071 -0.008069 1.153554
755 16257.568359 0.999283 -0.006232 0.846757
756 16279.101562 0.999544 -0.003963 0.539961
757 16300.634766 0.999827 -0.001502 0.233165
758 16322.167969 1.000105 0.000909 -0.073631
759 16343.701172 1.000353 0.003063 -0.380427
760 16365.234375 1.000554 0.004809 -0.687223
761 16386.767578 1.000701 0.006089 -0.994020
762 16408.300781 1.000799 0.006937 -1.300816
763 16429.833984 1.000863 0.007489 -1.607612
764 16451.367188 1.000916 0.007954 -1.914408
765 16472.900391 1.000989 0.008587 -2.221204
766 16494.433594 1.001109 0.009627 -2.528000
767 16515.966797 1.001294 0.011232 -2.834796
768 16537.500000 1.001544 0.013400 3.141593
769 16559.033203 1.001830 0.015881 2.834796
770 16580.566406 1.002086 0.018098 2.528000
771 16602.099609 1.002198 0.019068 2.221204
772 16623.632812 1.001999 0.017347 1.914408
773 16645.166016 1.001267 0.010994 1.607612
774 16666.699219 0.999718 -0.002447 1.300816
775 16688.232422 0.997019 -0.025933 0.994020
776 16709.765625 0.992786 -0.062886 0.687223
777 16731.298828 0.986604 -0.117143 0.380427
778 16752.832031 0.978038 -0.192890 0.073631
779 16774.365234 0.966653 -0.294589 -0.233165
780 16795.898438 0.952039 -0.426910 -0.539961
781 16817.431641 0.933828 -0.594662 -0.846757
782 16838.964844 0.911723 -0.802743 -1.153554
783 16860.498047 0.885514 -1.056092 -1.460350
784 16882.031250 0.855099 -1.359667 -1.767146
785 16903.564453 0.820499 -1.718434 -2.073942
786 16925.097656 0.781865 -2.137365 -2.380738
787 16946.630859 0.739481 -2.621465 -2.687534
788 16968.164062 0.693761 -3.175800 -2.994330
789 16989.697266 0.645242 -3.805546 2.982059
790 17011.230469 0.594562 -4.516052 2.675262
791 17032.763672 0.542443 -5.312916 2.368466
792 17054.296875 0.489661 -6.202082 2.061670
793 17075.830078 0.437021 -7.189956 1.754874
794 17097.363281 0.385321 -8.283554 1.448078
795 17118.896484 0.335325 -9.490677 1.141282
796 17140.429688 0.287735 -10.820152 0.834486
797 17161.962891 0.243161 -12.282132 0.527689
798 17183.496094 0.202104 -13.888505 0.220893
799 17205.029297 0.164940 -15.653464 -0.085903
800 17226.562500 0.131912 -17.594316 -0.392699
801 17248.095703 0.103125 -19.732696 -0.699495
802 17269.628906 0.078556 -22.096452 -1.006291
803 17291.162109 0.058058 -24.722749 -1.313088
804 17312.695312 0.041383 -27.663531 -1.619884
805 17334.228516 0.028197 -30.995973 -1.926680
806 17355.761719 0.018103 -34.844803 -2.233476
807 17377.294922 0.010668 -39.438004 -2.540272
808 17398.828125 0.005443 -45.283104 -2.847068
809 17420.361328 0.001986 -54.041652 3.129321
810 17441.894531 0.000119 -78.490793 -0.319068
811 17463.427734 0.001244 -58.100466 -0.625864
812 17484.960938 0.001711 -55.334424 -0.932660
813 17506.494141 0.001780 -54.992841 -1.239456
814 17528.027344 0.001649 -55.653572 -1.546253
815 17549.560547 0.001459 -56.716518 -1.853049
816 17571.093750 0.001295 -57.753761 -2.159845
817 17592.626953 0.001196 -58.443942 -2.466641
818 17614.160156 0.001167 -58.660846 -2.773437
819 17635.693359 0.001186 -58.517558 -3.080233
820 17657.226562 0.001220 -58.272017 2.896156
821 17678.759766 0.001230 -58.198643 2.589360
822 17700.292969 0.001183 -58.539496 2.282563
823 17721.826172 0.001054 -59.541020 1.975767
824 17743.359375 0.000834 -61.576468 1.668971
825 17764.892578 0.000528 -65.553542 1.362175
826 17786.425781 0.000154 -76.222311 1.055379
827 17807.958984 0.000255 -71.882940 -2.393010
828 17829.492188 0.000662 -63.588559 -2.699806
829 17851.025391 0.001026 -59.777439 -3.006602
830 17872.558594 0.001310 -57.655364 2.969787
831 17894.091797 0.001483 -56.579643 2.662991
832 17915.625000 0.001524 -56.340151 2.356194
833 17937.158203 0.001427 -56.909784 2.049398
834 17958.691406 0.001199 -58.420973 1.742602
835 17980.224609 0.000861 -61.304393 1.435806
836 18001.757812 0.000442 -67.084179 1.129010
837 18023.291016 0.000016 -96.095341 -2.319379
838 18044.824219 0.000470 -66.556227 -2.626175
839 18066.357422 0.000878 -61.132356 -2.932971
840 18087.890625 0.001200 -58.414641 3.043418
841 18109.423828 0.001407 -57.031306 2.736622
842 18130.957031 0.001481 -56.590814 2.429826
843 18152.490234 0.001414 -56.989995 2.123029
844 18174.023438 0.001216 -58.303846 1.816233
845 18195.556641 0.000905 -60.863338 1.509437
846 18217.089844 0.000514 -65.779230 1.202641
847 18238.623047 0.000080 -81.955790 0.895845
848 18260.156250 0.000356 -68.978874 -2.552544
849 18281.689453 0.000751 -62.484965 -2.859340
850 18303.222656 0.001070 -59.413850 3.117049
851 18324.755859 0.001282 -57.839101 2.810253
852 18346.289062 0.001371 -57.262022 2.503457
853 18367.822266 0.001328 -57.538476 2.196660
854 18389.355469 0.001160 -58.713000 1.889864
855 18410.888672 0.000885 -61.064651 1.583068
856 18432.421875 0.000530 -65.512160 1.276272
857 18453.955078 0.000131 -77.651399 0.969476
858 18475.488281 0.000274 -71.241549 -2.478913
859 18497.021484 0.000647 -63.784392 -2.785709
860 18518.554688 0.000952 -60.425131 -3.092505
861 18540.087891 0.001162 -58.692560 2.883884
862 18561.621094 0.001259 -57.999565 2.577088
863 18583.154297 0.001234 -58.170364 2.270292
864 18604.687500 0.001093 -59.226798 1.963495
865 18626.220703 0.000850 -61.410711 1.656699
866 18647.753906 0.000530 -65.513402 1.349903
867 18669.287109 0.000165 -75.672033 1.043107
868 18690.820312 0.000211 -73.516266 -2.405282
869 18712.353516 0.000561 -65.024692 -2.712078
870 18733.886719 0.000852 -61.391711 -3.018874
871 18755.419922 0.001058 -59.512090 2.957515
872 18776.953125 0.001160 -58.711297 2.650719
873 18798.486328 0.001150 -58.784253 2.343923
874 18820.019531 0.001031 -59.732981 2.037126
875 18841.552734 0.000816 -61.768660 1.730330
876 18863.085938 0.000526 -65.584596 1.423534
877 18884.619141 0.000190 -74.436153 1.116738
878 18906.152344 0.000160 -75.939458 -2.331651
879 18927.685547 0.000489 -66.215342 -2.638447
880 18949.218750 0.000767 -62.302363 -2.945243
881 18970.751953 0.000969 -60.277617 3.031146
882 18992.285156 0.001075 -59.372124 2.724350
883 19013.818359 0.001078 -59.351222 2.417554
884 19035.351562 0.000977 -60.198248 2.110758
885 19056.884766 0.000785 -62.097396 1.803961
886 19078.417969 0.000521 -65.661315 1.497165
887 19099.951172 0.000210 -73.536958 1.190369
888 19121.484375 0.000116 -78.683359 -2.258020
889 19143.017578 0.000428 -67.370534 -2.564816
890 19164.550781 0.000695 -63.159690 -2.871612
891 19186.083984 0.000893 -60.987360 3.104777
892 19207.617188 0.001003 -59.977783 2.797981
893 19229.150391 0.001016 -59.865094 2.491185
894 19250.683594 0.000932 -60.614288 2.184389
895 19272.216797 0.000760 -62.384994 1.877592
896 19293.750000 0.000518 -65.721112 1.570796
897 19315.283203 0.000229 -72.819804 1.264000
898 19336.816406 0.000079 -82.049588 -2.184389
899 19358.349609 0.000376 -68.505808 -2.491185
900 19379.882812 0.000633 -63.970441 -2.797981
901 19401.416016 0.000827 -61.645376 -3.104777
902 19422.949219 0.000941 -60.530887 2.871612
903 19444.482422 0.000963 -60.327384 2.564816
904 19466.015625 0.000893 -60.981428 2.258020
905 19487.548828 0.000739 -62.629833 1.951224
906 19509.082031 0.000515 -65.756722 1.644427
907 19530.615234 0.000245 -72.212639 1.337631
908 19552.148438 0.000046 -86.760694 -2.110758
909 19573.681641 0.000330 -69.637336 -2.417554
910 19595.214844 0.000579 -64.742282 -2.724350
911 19616.748047 0.000771 -62.257327 -3.031146
912 19638.281250 0.000888 -61.036127 2.945243
913 19659.814453 0.000918 -60.742076 2.638447
914 19681.347656 0.000861 -61.302917 2.331651
915 19702.880859 0.000722 -62.833982 2.024855
916 19724.414062 0.000515 -65.766740 1.718058
917 19745.947266 0.000261 -71.677112 1.411262
918 19767.480469 0.000016 -95.858639 -2.037126
919 19789.013672 0.000289 -70.782260 -2.343923
920 19810.546875 0.000532 -65.482715 -2.650719
921 19832.080078 0.000722 -62.828967 -2.957515
922 19853.613281 0.000842 -61.498514 3.018874
923 19875.146484 0.000880 -61.113687 2.712078
924 19896.679688 0.000833 -61.582772 2.405282
925 19918.212891 0.000708 -63.000663 2.098486
926 19939.746094 0.000516 -65.752014 1.791690
927 19961.279297 0.000276 -71.190731 1.484893
928 19982.812500 0.000011 -99.003138 1.178097
929 20004.345703 0.000252 -71.959632 -2.270292
930 20025.878906 0.000490 -66.198787 -2.577088
931 20047.412109 0.000679 -63.365617 -2.883884
932 20068.945312 0.000801 -61.922745 3.092505
933 20090.478516 0.000847 -61.446527 2.785709
934 20112.011719 0.000811 -61.824936 2.478913
935 20133.544922 0.000697 -63.133240 2.172117
936 20155.078125 0.000518 -65.714155 1.865321
937 20176.611328 0.000290 -70.739269 1.558524
938 20198.144531 0.000037 -88.720327 1.251728
939 20219.677734 0.000219 -73.191914 -2.196660
940 20241.210938 0.000452 -66.897090 -2.503457
941 20262.744141 0.000640 -63.872033 -2.810253
942 20284.277344 0.000766 -62.312995 -3.117049
943 20305.810547 0.000818 -61.744451 2.859340
944 20327.343750 0.000791 -62.032976 2.552544
945 20348.876953 0.000689 -63.234828 2.245748
946 20370.410156 0.000522 -65.654903 1.938952
947 20391.943359 0.000305 -70.313150 1.632156
948 20413.476562 0.000061 -84.347436 1.325359
949 20435.009766 0.000188 -74.507356 -2.123029
950 20456.542969 0.000418 -67.583876 -2.429826
951 20478.076172 0.000606 -64.352408 -2.736622
952 20499.609375 0.000735 -62.672882 -3.043418
953 20521.142578 0.000793 -62.010792 2.932971
954 20542.675781 0.000775 -62.209984 2.626175
955 20564.208984 0.000683 -63.308147 2.319379
956 20585.742188 0.000526 -65.575859 2.012583
957 20607.275391 0.000320 -69.905579 1.705787
958 20628.808594 0.000084 -81.564744 1.398990
959 20650.341797 0.000160 -75.943950 -2.049398
960 20671.875000 0.000386 -68.265224 -2.356194
961 20693.408203 0.000575 -64.810427 -2.662991
962 20714.941406 0.000707 -63.005500 -2.969787
963 20736.474609 0.000772 -62.248375 3.006602
964 20758.007812 0.000762 -62.358573 2.699806
965 20779.541016 0.000680 -63.355495 2.393010
966 20801.074219 0.000532 -65.478385 2.086214
967 20822.607422 0.000335 -69.511495 1.779418
968 20844.140625 0.000106 -79.525291 1.472622
969 20865.673828 0.000132 -77.556586 -1.975767
970 20887.207031 0.000357 -68.947236 -2.282563
971 20908.740234 0.000546 -65.249348 -2.589360
972 20930.273438 0.000683 -63.313470 -2.896156
973 20951.806641 0.000753 -62.459560 3.080233
974 20973.339844 0.000752 -62.480910 2.773437
975 20994.873047 0.000678 -63.378759 2.466641
976 21016.406250 0.000539 -65.363565 2.159845
977 21037.939453 0.000350 -69.126962 1.853049
978 21059.472656 0.000127 -77.911581 1.546253
979 21081.005859 0.000107 -79.431318 -1.902136
980 21102.539062 0.000330 -69.636253 -2.208932
981 21124.072266 0.000520 -65.672066 -2.515728
982 21145.605469 0.000661 -63.598994 -2.822525
983 21167.138672 0.000737 -62.646283 -3.129321
984 21188.671875 0.000743 -62.578751 2.847068
985 21210.205078 0.000678 -63.379442 2.540272
986 21231.738281 0.000548 -65.232208 2.233476
987 21253.271484 0.000365 -68.748787 1.926680
988 21274.804688 0.000148 -76.569937 1.619884
989 21296.337891 0.000082 -81.717711 -1.828505
990 21317.871094 0.000304 -70.339131 -2.135301
991 21339.404297 0.000497 -66.081188 -2.442097
992 21360.937500 0.000641 -63.863900 -2.748894
993 21382.470703 0.000724 -62.810100 -3.055690
994 21404.003906 0.000737 -62.653477 2.920699
995 21425.537109 0.000679 -63.358698 2.613903
996 21447.070312 0.000557 -65.084856 2.307107
997 21468.603516 0.000381 -68.374272 2.000311
998 21490.136719 0.000170 -75.414306 1.693515
999 21511.669922 0.000058 -84.716832 -1.754874
1000 21533.203125 0.000280 -71.063570 -2.061670
1001 21554.736328 0.000474 -66.479089 -2.368466
1002 21576.269531 0.000623 -64.109690 -2.675262
1003 21597.802734 0.000712 -62.952223 -2.982059
1004 21619.335938 0.000732 -62.706130 2.994330
1005 21640.869141 0.000683 -63.317354 2.687534
1006 21662.402344 0.000567 -64.921794 2.380738
1007 21683.935547 0.000398 -68.001046 2.073942
1008 21705.468750 0.000191 -74.391605 1.767146
1009 21727.001953 0.000035 -89.204346 -1.681243
1010 21748.535156 0.000256 -71.818565 -1.988039
1011 21770.068359 0.000454 -66.867972 -2.294835
1012 21791.601562 0.000607 -64.337569 -2.601631
1013 21813.134766 0.000702 -63.073551 -2.908428
1014 21834.667969 0.000730 -62.737437 3.067962
1015 21856.201172 0.000687 -63.255936 2.761165
1016 21877.734375 0.000579 -64.743063 2.454369
1017 21899.267578 0.000416 -67.626943 2.147573
1018 21920.800781 0.000212 -73.466705 1.840777
1019 21942.333984 0.000012 -98.771893 -1.607612
1020 21963.867188 0.000234 -72.615027 -1.914408
1021 21985.400391 0.000434 -67.249919 -2.221204
1022 22006.933594 0.000592 -64.548467 -2.528000
1023 22028.466797 0.000694 -63.174682 -2.834796
1024 22050.000000 0.000729 -62.747826 3.141593
