00 0.000000 0.999907 -0.000804 0.000000
01 21.533203 0.999912 -0.000765 -0.306796
02 43.066406 0.999925 -0.000650 -0.613592
03 64.599609 0.999946 -0.000470 -0.920388
04 86.132812 0.999972 -0.000245 -1.227185
05 107.666016 1.000001 0.000005 -1.533981
06 129.199219 1.000029 0.000255 -1.840777
07 150.732422 1.000055 0.000480 -2.147573
08 172.265625 1.000076 0.000657 -2.454369
09 193.798828 1.000089 0.000770 -2.761165
10 215.332031 1.000093 0.000807 -3.067962
11 236.865234 1.000088 0.000764 2.908428
12 258.398438 1.000074 0.000646 2.601631
13 279.931641 1.000053 0.000464 2.294835
14 301.464844 1.000027 0.000236 1.988039
15 322.998047 0.999998 -0.000016 1.681243
16 344.531250 0.999969 -0.000267 1.374447
17 366.064453 0.999943 -0.000491 1.067651
18 387.597656 0.999923 -0.000668 0.760854
19 409.130859 0.999910 -0.000779 0.454058
20 430.664062 0.999906 -0.000814 0.147262
21 452.197266 0.999912 -0.000768 -0.159534
22 473.730469 0.999926 -0.000646 -0.466330
23 495.263672 0.999947 -0.000461 -0.773126
24 516.796875 0.999974 -0.000229 -1.079922
25 538.330078 1.000003 0.000026 -1.386719
26 559.863281 1.000032 0.000279 -1.693515
27 581.396484 1.000058 0.000505 -2.000311
28 602.929688 1.000079 0.000682 -2.307107
29 624.462891 1.000091 0.000793 -2.613903
30 645.996094 1.000095 0.000825 -2.920699
31 667.529297 1.000089 0.000776 3.055690
32 689.062500 1.000075 0.000651 2.748894
33 710.595703 1.000053 0.000461 2.442097
34 732.128906 1.000026 0.000224 2.135301
35 753.662109 0.999996 -0.000035 1.828505
36 775.195312 0.999966 -0.000292 1.521709
37 796.728516 0.999940 -0.000521 1.214913
38 818.261719 0.999919 -0.000700 0.908117
39 839.794922 0.999907 -0.000810 0.601320
40 861.328125 0.999903 -0.000841 0.294524
41 882.861328 0.999909 -0.000790 -0.012272
42 904.394531 0.999924 -0.000660 -0.319068
43 925.927734 0.999947 -0.000464 -0.625864
44 947.460938 0.999974 -0.000222 -0.932660
45 968.994141 1.000005 0.000043 -1.239456
46 990.527344 1.000035 0.000305 -1.546253
47 1012.060547 1.000062 0.000539 -1.853049
48 1033.593750 1.000083 0.000720 -2.159845
49 1055.126953 1.000096 0.000832 -2.466641
50 1076.660156 1.000099 0.000862 -2.773437
51 1098.193359 1.000093 0.000808 -3.080233
52 1119.726562 1.000078 0.000674 2.896156
53 1141.259766 1.000054 0.000472 2.589360
54 1162.792969 1.000026 0.000223 2.282563
55 1184.326172 0.999994 -0.000049 1.975767
56 1205.859375 0.999963 -0.000318 1.668971
57 1227.392578 0.999936 -0.000557 1.362175
58 1248.925781 0.999914 -0.000743 1.055379
59 1270.458984 0.999901 -0.000857 0.748583
60 1291.992188 0.999898 -0.000888 0.441786
61 1313.525391 0.999904 -0.000831 0.134990
62 1335.058594 0.999920 -0.000692 -0.171806
63 1356.591797 0.999944 -0.000484 -0.478602
64 1378.125000 0.999974 -0.000228 -0.785398
65 1399.658203 1.000006 0.000053 -1.092194
66 1421.191406 1.000038 0.000330 -1.398990
67 1442.724609 1.000066 0.000577 -1.705787
68 1464.257812 1.000089 0.000769 -2.012583
69 1485.791016 1.000102 0.000886 -2.319379
70 1507.324219 1.000106 0.000918 -2.626175
71 1528.857422 1.000099 0.000859 -2.932971
72 1550.390625 1.000082 0.000716 3.043418
73 1571.923828 1.000058 0.000501 2.736622
74 1593.457031 1.000027 0.000236 2.429826
75 1614.990234 0.999994 -0.000055 2.123029
76 1636.523438 0.999961 -0.000342 1.816233
77 1658.056641 0.999931 -0.000597 1.509437
78 1679.589844 0.999908 -0.000796 1.202641
79 1701.123047 0.999894 -0.000919 0.895845
80 1722.656250 0.999890 -0.000952 0.589049
81 1744.189453 0.999897 -0.000892 0.282252
82 1765.722656 0.999914 -0.000745 -0.024544
83 1787.255859 0.999940 -0.000523 -0.331340
84 1808.789062 0.999971 -0.000248 -0.638136
85 1830.322266 1.000006 0.000053 -0.944932
86 1851.855469 1.000040 0.000352 -1.251728
87 1873.388672 1.000071 0.000618 -1.558524
88 1894.921875 1.000095 0.000826 -1.865321
89 1916.455078 1.000110 0.000955 -2.172117
90 1937.988281 1.000114 0.000991 -2.478913
91 1959.521484 1.000107 0.000931 -2.785709
92 1981.054688 1.000090 0.000779 -3.092505
93 2002.587891 1.000063 0.000549 2.883884
94 2024.121094 1.000030 0.000265 2.577088
95 2045.654297 0.999994 -0.000049 2.270292
96 2067.187500 0.999959 -0.000360 1.963495
97 2088.720703 0.999927 -0.000638 1.656699
98 2110.253906 0.999901 -0.000857 1.349903
99 2131.787109 0.999886 -0.000994 1.043107
100 2153.320312 0.999881 -0.001034 0.736311
101 2174.853516 0.999888 -0.000974 0.429515
102 2196.386719 0.999906 -0.000819 0.122718
103 2217.919922 0.999933 -0.000582 -0.184078
104 2239.453125 0.999967 -0.000286 -0.490874
105 2260.986328 1.000005 0.000040 -0.797670
106 2282.519531 1.000042 0.000366 -1.104466
107 2304.052734 1.000076 0.000658 -1.411262
108 2325.585938 1.000102 0.000889 -1.718058
109 2347.119141 1.000119 0.001035 -2.024855
110 2368.652344 1.000125 0.001082 -2.331651
111 2390.185547 1.000118 0.001023 -2.638447
112 2411.718750 1.000100 0.000865 -2.945243
113 2433.251953 1.000071 0.000620 3.031146
114 2454.785156 1.000036 0.000313 2.724350
115 2476.318359 0.999997 -0.000028 2.417554
116 2497.851562 0.999958 -0.000369 2.110758
117 2519.384766 0.999922 -0.000677 1.803961
118 2540.917969 0.999894 -0.000923 1.497165
119 2562.451172 0.999876 -0.001080 1.190369
120 2583.984375 0.999869 -0.001134 0.883573
121 2605.517578 0.999876 -0.001078 0.576777
122 2627.050781 0.999894 -0.000917 0.269981
123 2648.583984 0.999924 -0.000664 -0.036816
124 2670.117188 0.999960 -0.000345 -0.343612
125 2691.650391 1.000001 0.000011 -0.650408
126 2713.183594 1.000043 0.000369 -0.957204
127 2734.716797 1.000080 0.000695 -1.264000
128 2756.250000 1.000110 0.000956 -1.570796
129 2777.783203 1.000130 0.001127 -1.877592
130 2799.316406 1.000137 0.001190 -2.184389
131 2820.849609 1.000131 0.001138 -2.491185
132 2842.382812 1.000112 0.000975 -2.797981
133 2863.916016 1.000082 0.000715 -3.104777
134 2885.449219 1.000044 0.000384 2.871612
135 2906.982422 1.000001 0.000011 2.564816
136 2928.515625 0.999958 -0.000366 2.258020
137 2950.048828 0.999918 -0.000711 1.951224
138 2971.582031 0.999886 -0.000991 1.644427
139 2993.115234 0.999864 -0.001177 1.337631
140 3014.648438 0.999856 -0.001251 1.030835
141 3036.181641 0.999861 -0.001204 0.724039
142 3057.714844 0.999880 -0.001040 0.417243
143 3079.248047 0.999911 -0.000773 0.110447
144 3100.781250 0.999951 -0.000429 -0.196350
145 3122.314453 0.999996 -0.000039 -0.503146
146 3143.847656 1.000041 0.000358 -0.809942
147 3165.380859 1.000083 0.000725 -1.116738
148 3186.914062 1.000118 0.001025 -1.423534
149 3208.447266 1.000141 0.001229 -1.730330
150 3229.980469 1.000151 0.001315 -2.037126
151 3251.513672 1.000147 0.001276 -2.343923
152 3273.046875 1.000128 0.001112 -2.650719
153 3294.580078 1.000097 0.000838 -2.957515
154 3316.113281 1.000055 0.000481 3.018874
155 3337.646484 1.000008 0.000073 2.712078
156 3359.179688 0.999960 -0.000346 2.405282
157 3380.712891 0.999915 -0.000736 2.098486
158 3402.246094 0.999878 -0.001059 1.791690
159 3423.779297 0.999852 -0.001283 1.484893
160 3445.312500 0.999841 -0.001384 1.178097
161 3466.845703 0.999844 -0.001353 0.871301
162 3488.378906 0.999863 -0.001191 0.564505
163 3509.912109 0.999895 -0.000911 0.257709
164 3531.445312 0.999938 -0.000541 -0.049087
165 3552.978516 0.999987 -0.000114 -0.355884
166 3574.511719 1.000038 0.000329 -0.662680
167 3596.044922 1.000086 0.000744 -0.969476
168 3617.578125 1.000126 0.001092 -1.276272
169 3639.111328 1.000154 0.001338 -1.583068
170 3660.644531 1.000168 0.001457 -1.889864
171 3682.177734 1.000165 0.001437 -2.196660
172 3703.710938 1.000147 0.001277 -2.503457
173 3725.244141 1.000114 0.000992 -2.810253
174 3746.777344 1.000070 0.000609 -3.117049
175 3768.310547 1.000019 0.000162 2.859340
176 3789.843750 0.999965 -0.000305 2.552544
177 3811.376953 0.999914 -0.000748 2.245748
178 3832.910156 0.999871 -0.001124 1.938952
179 3854.443359 0.999839 -0.001395 1.632156
180 3875.976562 0.999823 -0.001534 1.325359
181 3897.509766 0.999824 -0.001527 1.018563
182 3919.042969 0.999842 -0.001372 0.711767
183 3940.576172 0.999875 -0.001083 0.404971
184 3962.109375 0.999921 -0.000686 0.098175
185 3983.642578 0.999975 -0.000218 -0.208621
186 4005.175781 1.000032 0.000276 -0.515418
187 4026.708984 1.000086 0.000748 -0.822214
188 4048.242188 1.000133 0.001154 -1.129010
189 4069.775391 1.000167 0.001453 -1.435806
190 4091.308594 1.000186 0.001615 -1.742602
191 4112.841797 1.000187 0.001623 -2.049398
192 4134.375000 1.000170 0.001474 -2.356194
193 4155.908203 1.000136 0.001182 -2.662991
194 4177.441406 1.000089 0.000772 -2.969787
195 4198.974609 1.000033 0.000283 3.006602
196 4220.507812 0.999973 -0.000238 2.699806
197 4242.041016 0.999914 -0.000743 2.393010
198 4263.574219 0.999864 -0.001182 2.086214
199 4285.107422 0.999826 -0.001512 1.779418
200 4306.640625 0.999804 -0.001700 1.472622
201 4328.173828 0.999801 -0.001726 1.165825
202 4349.707031 0.999817 -0.001586 0.859029
203 4371.240234 0.999851 -0.001291 0.552233
204 4392.773438 0.999900 -0.000869 0.245437
205 4414.306641 0.999959 -0.000358 -0.061359
206 4435.839844 1.000022 0.000193 -0.368155
207 4457.373047 1.000084 0.000732 -0.674952
208 4478.906250 1.000139 0.001207 -0.981748
209 4500.439453 1.000181 0.001571 -1.288544
210 4521.972656 1.000206 0.001788 -1.595340
211 4543.505859 1.000211 0.001835 -1.902136
212 4565.039062 1.000196 0.001706 -2.208932
213 4586.572266 1.000162 0.001411 -2.515728
214 4608.105469 1.000112 0.000977 -2.822525
215 4629.638672 1.000051 0.000444 -3.129321
216 4651.171875 0.999984 -0.000139 2.847068
217 4672.705078 0.999918 -0.000715 2.540272
218 4694.238281 0.999859 -0.001229 2.233476
219 4715.771484 0.999812 -0.001631 1.926680
220 4737.304688 0.999784 -0.001881 1.619884
221 4758.837891 0.999775 -0.001952 1.313088
222 4780.371094 0.999789 -0.001837 1.006291
223 4801.904297 0.999822 -0.001543 0.699495
224 4823.437500 0.999874 -0.001097 0.392699
225 4844.970703 0.999938 -0.000541 0.085903
226 4866.503906 1.000009 0.000075 -0.220893
227 4888.037109 1.000079 0.000690 -0.527689
228 4909.570312 1.000144 0.001247 -0.834486
229 4931.103516 1.000195 0.001690 -1.141282
230 4952.636719 1.000228 0.001976 -1.448078
231 4974.169922 1.000239 0.002076 -1.754874
232 4995.703125 1.000228 0.001977 -2.061670
233 5017.236328 1.000194 0.001687 -2.368466
234 5038.769531 1.000142 0.001231 -2.675262
235 5060.302734 1.000075 0.000651 -2.982059
236 5081.835938 1.000000 0.000001 2.994330
237 5103.369141 0.999924 -0.000657 2.687534
238 5124.902344 0.999855 -0.001260 2.380738
239 5146.435547 0.999799 -0.001750 2.073942
240 5167.968750 0.999761 -0.002077 1.767146
241 5189.501953 0.999746 -0.002209 1.460350
242 5211.035156 0.999755 -0.002130 1.153554
243 5232.568359 0.999788 -0.001845 0.846757
244 5254.101562 0.999841 -0.001379 0.539961
245 5275.634766 0.999911 -0.000775 0.233165
246 5297.167969 0.999990 -0.000089 -0.073631
247 5318.701172 1.000071 0.000614 -0.380427
248 5340.234375 1.000146 0.001268 -0.687223
249 5361.767578 1.000208 0.001808 -0.994020
250 5383.300781 1.000251 0.002181 -1.300816
251 5404.833984 1.000270 0.002349 -1.607612
252 5426.367188 1.000264 0.002294 -1.914408
253 5447.900391 1.000232 0.002017 -2.221204
254 5469.433594 1.000178 0.001544 -2.528000
255 5490.966797 1.000105 0.000915 -2.834796
256 5512.500000 1.000022 0.000191 3.141593
257 5534.033203 0.999935 -0.000561 2.834796
258 5555.566406 0.999854 -0.001269 2.528000
259 5577.099609 0.999785 -0.001865 2.221204
260 5598.632812 0.999736 -0.002289 1.914408
261 5620.166016 0.999712 -0.002499 1.607612
262 5641.699219 0.999715 -0.002472 1.300816
263 5663.232422 0.999746 -0.002207 0.994020
264 5684.765625 0.999801 -0.001726 0.687223
265 5706.298828 0.999876 -0.001074 0.380427
266 5727.832031 0.999964 -0.000309 0.073631
267 5749.365234 1.000057 0.000495 -0.233165
268 5770.898438 1.000145 0.001263 -0.539961
269 5792.431641 1.000221 0.001919 -0.846757
270 5813.964844 1.000276 0.002401 -1.153554
271 5835.498047 1.000306 0.002658 -1.460350
272 5857.031250 1.000307 0.002664 -1.767146
273 5878.564453 1.000278 0.002414 -2.073942
274 5900.097656 1.000222 0.001928 -2.380738
275 5921.630859 1.000144 0.001252 -2.687534
276 5943.164062 1.000051 0.000445 -2.994330
277 5964.697266 0.999952 -0.000415 2.982059
278 5986.230469 0.999856 -0.001248 2.675262
279 6007.763672 0.999773 -0.001973 2.368466
280 6029.296875 0.999710 -0.002518 2.061670
281 6050.830078 0.999674 -0.002829 1.754874
282 6072.363281 0.999669 -0.002873 1.448078
283 6093.896484 0.999696 -0.002642 1.141282
284 6115.429688 0.999752 -0.002154 0.834486
285 6136.962891 0.999833 -0.001452 0.527689
286 6158.496094 0.999931 -0.000601 0.220893
287 6180.029297 1.000037 0.000319 -0.085903
288 6201.562500 1.000141 0.001223 -0.392699
289 6223.095703 1.000233 0.002021 -0.699495
290 6244.628906 1.000304 0.002638 -1.006291
291 6266.162109 1.000347 0.003010 -1.313088
292 6287.695312 1.000357 0.003099 -1.619884
293 6309.228516 1.000333 0.002892 -1.926680
294 6330.761719 1.000277 0.002404 -2.233476
295 6352.294922 1.000193 0.001678 -2.540272
296 6373.828125 1.000090 0.000781 -2.847068
297 6395.361328 0.999976 -0.000205 3.129321
298 6416.894531 0.999864 -0.001186 2.822525
299 6438.427734 0.999762 -0.002067 2.515728
300 6459.960938 0.999682 -0.002764 2.208932
301 6481.494141 0.999631 -0.003206 1.902136
302 6503.027344 0.999615 -0.003347 1.595340
303 6524.560547 0.999635 -0.003169 1.288544
304 6546.093750 0.999691 -0.002685 0.981748
305 6567.626953 0.999777 -0.001935 0.674952
306 6589.160156 0.999886 -0.000988 0.368155
307 6610.693359 1.000008 0.000068 0.061359
308 6632.226562 1.000131 0.001134 -0.245437
309 6653.759766 1.000243 0.002108 -0.552233
310 6675.292969 1.000333 0.002894 -0.859029
311 6696.826172 1.000393 0.003415 -1.165825
312 6718.359375 1.000416 0.003617 -1.472622
313 6739.892578 1.000400 0.003475 -1.779418
314 6761.425781 1.000345 0.002997 -2.086214
315 6782.958984 1.000256 0.002224 -2.393010
316 6804.492188 1.000141 0.001226 -2.699806
317 6826.025391 1.000011 0.000094 -3.006602
318 6847.558594 0.999877 -0.001066 2.969787
319 6869.091797 0.999753 -0.002142 2.662991
320 6890.625000 0.999651 -0.003031 2.356194
321 6912.158203 0.999581 -0.003643 2.049398
322 6933.691406 0.999549 -0.003916 1.742602
323 6955.224609 0.999561 -0.003817 1.435806
324 6976.757812 0.999614 -0.003351 1.129010
325 6998.291016 0.999706 -0.002555 0.822214
326 7019.824219 0.999827 -0.001501 0.515418
327 7041.357422 0.999967 -0.000286 0.208621
328 7062.890625 1.000113 0.000978 -0.098175
329 7084.423828 1.000250 0.002169 -0.404971
330 7105.957031 1.000365 0.003172 -0.711767
331 7127.490234 1.000448 0.003887 -1.018563
332 7149.023438 1.000489 0.004243 -1.325359
333 7170.556641 1.000483 0.004197 -1.632156
334 7192.089844 1.000432 0.003748 -1.938952
335 7213.623047 1.000338 0.002932 -2.245748
336 7235.156250 1.000210 0.001820 -2.552544
337 7256.689453 1.000059 0.000513 -2.859340
338 7278.222656 0.999900 -0.000865 3.117049
339 7299.755859 0.999748 -0.002186 2.810253
340 7321.289062 0.999618 -0.003321 2.503457
341 7342.822266 0.999521 -0.004157 2.196660
342 7364.355469 0.999469 -0.004610 1.889864
343 7385.888672 0.999467 -0.004629 1.583068
344 7407.421875 0.999516 -0.004203 1.276272
345 7428.955078 0.999612 -0.003367 0.969476
346 7450.488281 0.999748 -0.002192 0.662680
347 7472.021484 0.999910 -0.000785 0.355884
348 7493.554688 1.000083 0.000723 0.049087
349 7515.087891 1.000252 0.002190 -0.257709
350 7536.621094 1.000400 0.003474 -0.564505
351 7558.154297 1.000512 0.004449 -0.871301
352 7579.687500 1.000578 0.005015 -1.178097
353 7601.220703 1.000589 0.005112 -1.484893
354 7622.753906 1.000543 0.004719 -1.791690
355 7644.287109 1.000445 0.003867 -2.098486
356 7665.820312 1.000302 0.002626 -2.405282
357 7687.353516 1.000128 0.001109 -2.712078
358 7708.886719 0.999937 -0.000544 -3.018874
359 7730.419922 0.999749 -0.002178 2.957515
360 7751.953125 0.999581 -0.003636 2.650719
361 7773.486328 0.999450 -0.004774 2.343923
362 7795.019531 0.999370 -0.005477 2.037126
363 7816.552734 0.999348 -0.005668 1.730330
364 7838.085938 0.999388 -0.005319 1.423534
365 7859.619141 0.999488 -0.004452 1.116738
366 7881.152344 0.999639 -0.003140 0.809942
367 7902.685547 0.999827 -0.001500 0.503146
368 7924.218750 1.000037 0.000318 0.196350
369 7945.751953 1.000247 0.002143 -0.110447
370 7967.285156 1.000438 0.003800 -0.417243
371 7988.818359 1.000590 0.005127 -0.724039
372 8010.351562 1.000690 0.005991 -1.030835
373 8031.884766 1.000725 0.006297 -1.337631
374 8053.417969 1.000692 0.006007 -1.644427
375 8074.951172 1.000591 0.005133 -1.951224
376 8096.484375 1.000432 0.003748 -2.258020
377 8118.017578 1.000227 0.001973 -2.564816
378 8139.550781 0.999996 -0.000031 -2.871612
379 8161.083984 0.999761 -0.002076 3.104777
380 8182.617188 0.999543 -0.003968 2.797981
381 8204.150391 0.999365 -0.005520 2.491185
382 8225.683594 0.999243 -0.006578 2.184389
383 8247.216797 0.999191 -0.007028 1.877592
384 8268.750000 0.999216 -0.006813 1.570796
385 8290.283203 0.999316 -0.005940 1.264000
386 8311.816406 0.999485 -0.004476 0.957204
387 8333.349609 0.999706 -0.002551 0.650408
388 8354.882812 0.999961 -0.000337 0.343612
389 8376.416016 1.000226 0.001959 0.036816
390 8397.949219 1.000474 0.004119 -0.269981
391 8419.482422 1.000683 0.005933 -0.576777
392 8441.015625 1.000832 0.007220 -0.883573
393 8462.548828 1.000904 0.007844 -1.190369
394 8484.082031 1.000891 0.007732 -1.497165
395 8505.615234 1.000792 0.006876 -1.803961
396 8527.148438 1.000615 0.005341 -2.110758
397 8548.681641 1.000375 0.003260 -2.417554
398 8570.214844 1.000094 0.000818 -2.724350
399 8591.748047 0.999797 -0.001759 -3.031146
400 8613.281250 0.999513 -0.004227 2.945243
401 8634.814453 0.999270 -0.006347 2.638447
402 8656.347656 0.999090 -0.007908 2.331651
403 8677.880859 0.998993 -0.008748 2.024855
404 8699.414062 0.998991 -0.008771 1.718058
405 8720.947266 0.999084 -0.007957 1.411262
406 8742.480469 0.999267 -0.006366 1.104466
407 8764.013672 0.999524 -0.004135 0.797670
408 8785.546875 0.999831 -0.001464 0.490874
409 8807.080078 1.000161 0.001399 0.184078
410 8828.613281 1.000482 0.004185 -0.122718
411 8850.146484 1.000763 0.006627 -0.429515
412 8871.679688 1.000977 0.008485 -0.736311
413 8893.212891 1.001103 0.009572 -1.043107
414 8914.746094 1.001126 0.009775 -1.349903
415 8936.279297 1.001044 0.009060 -1.656699
416 8957.812500 1.000862 0.007484 -1.963495
417 8979.345703 1.000597 0.005187 -2.270292
418 9000.878906 1.000274 0.002381 -2.577088
419 9022.412109 0.999923 -0.000671 -2.883884
420 9043.945312 0.999576 -0.003681 3.092505
421 9065.478516 0.999268 -0.006361 2.785709
422 9087.011719 0.999027 -0.008459 2.478913
423 9108.544922 0.998875 -0.009779 2.172117
424 9130.078125 0.998826 -0.010206 1.865321
425 9151.611328 0.998882 -0.009716 1.558524
426 9173.144531 0.999036 -0.008380 1.251728
427 9194.677734 0.999269 -0.006356 0.944932
428 9216.210938 0.999555 -0.003869 0.638136
429 9237.744141 0.999863 -0.001186 0.331340
430 9259.277344 1.000164 0.001421 0.024544
431 9280.810547 1.000427 0.003704 -0.282252
432 9302.343750 1.000631 0.005481 -0.589049
433 9323.876953 1.000767 0.006657 -0.895845
434 9345.410156 1.000834 0.007245 -1.202641
435 9366.943359 1.000849 0.007372 -1.509437
436 9388.476562 1.000836 0.007259 -1.816233
437 9410.009766 1.000829 0.007197 -2.123029
438 9431.542969 1.000863 0.007496 -2.429826
439 9453.076172 1.000969 0.008416 -2.736622
440 9474.609375 1.001163 0.010094 -3.043418
441 9496.142578 1.001435 0.012454 2.932971
442 9517.675781 1.001743 0.015123 2.626175
443 9539.208984 1.001999 0.017350 2.319379
444 9560.742188 1.002067 0.017938 2.012583
445 9582.275391 1.001752 0.015201 1.705787
446 9603.808594 1.000799 0.006935 1.398990
447 9625.341797 0.998898 -0.009574 1.092194
448 9646.875000 0.995689 -0.037530 0.785398
449 9668.408203 0.990767 -0.080573 0.478602
450 9689.941406 0.983703 -0.142724 0.171806
451 9711.474609 0.974057 -0.228309 -0.134990
452 9733.007812 0.961403 -0.341887 -0.441786
453 9754.541016 0.945346 -0.488183 -0.748583
454 9776.074219 0.925548 -0.672024 -1.055379
455 9797.607422 0.901748 -0.898294 -1.362175
456 9819.140625 0.873786 -1.171899 -1.668971
457 9840.673828 0.841613 -1.497748 -1.975767
458 9862.207031 0.805309 -1.880751 -2.282563
459 9883.740234 0.765083 -2.325833 -2.589360
460 9905.273438 0.721277 -2.837959 -2.896156
461 9926.806641 0.674359 -3.422177 3.080233
462 9948.339844 0.624908 -4.083674 2.773437
463 9969.873047 0.573598 -4.827842 2.466641
464 9991.406250 0.521173 -5.660370 2.159845
465 10012.939453 0.468417 -6.587349 1.853049
466 10034.472656 0.416131 -7.615403 1.546253
467 10056.005859 0.365096 -8.751852 1.239456
468 10077.539062 0.316049 -10.004923 0.932660
469 10099.072266 0.269649 -11.384014 0.625864
470 10120.605469 0.226463 -12.900058 0.319068
471 10142.138672 0.186939 -14.566011 0.012272
472 10163.671875 0.151399 -16.397539 -0.294524
473 10185.205078 0.120032 -18.414034 -0.601320
474 10206.738281 0.092895 -20.640153 -0.908117
475 10228.271484 0.069917 -23.108287 -1.214913
476 10249.804688 0.050917 -25.862759 -1.521709
477 10271.337891 0.035614 -28.967509 -1.828505
478 10292.871094 0.023655 -32.521600 -2.135301
479 10314.404297 0.014631 -36.694815 -2.442097
480 10335.937500 0.008103 -41.826689 -2.748894
481 10357.470703 0.003628 -48.806349 -3.055690
482 10379.003906 0.000773 -62.239368 2.920699
483 10400.537109 0.000864 -61.270389 -0.527689
484 10422.070312 0.001638 -55.712650 -0.834486
485 10443.603516 0.001852 -54.647529 -1.141282
486 10465.136719 0.001747 -55.152777 -1.448078
487 10486.669922 0.001506 -56.444722 -1.754874
488 10508.203125 0.001251 -58.052766 -2.061670
489 10529.736328 0.001056 -59.525911 -2.368466
490 10551.269531 0.000949 -60.450160 -2.675262
491 10572.802734 0.000928 -60.649911 -2.982059
492 10594.335938 0.000966 -60.304634 2.994330
493 10615.869141 0.001025 -59.787946 2.687534
494 10637.402344 0.001065 -59.451301 2.380738
495 10658.935547 0.001052 -59.561039 2.073942
496 10680.468750 0.000960 -60.354702 1.767146
497 10702.001953 0.000779 -62.170656 1.460350
498 10723.535156 0.000513 -65.805806 1.153554
499 10745.068359 0.000179 -74.959110 0.846757
500 10766.601562 0.000194 -74.245558 -2.601631
501 10788.134766 0.000570 -64.887881 -2.908428
502 10809.667969 0.000910 -60.816852 3.067962
503 10831.201172 0.001180 -58.563157 2.761165
504 10852.734375 0.001349 -57.398089 2.454369
505 10874.267578 0.001399 -57.084176 2.147573
506 10895.800781 0.001322 -57.578619 1.840777
507 10917.333984 0.001123 -58.995692 1.533981
508 10938.867188 0.000820 -61.724084 1.227185
509 10960.400391 0.000442 -67.092612 0.920388
510 10981.933594 0.000024 -92.294817 0.613592
511 11003.466797 0.000393 -68.102956 -2.834796
512 11025.000000 0.000772 -62.251524 3.141593
513 11046.533203 0.001075 -59.372020 2.834796
514 11068.066406 0.001275 -57.887243 2.528000
515 11089.599609 0.001355 -57.361534 2.221204
516 11111.132812 0.001308 -57.671075 1.914408
517 11132.666016 0.001139 -58.869289 1.607612
518 11154.199219 0.000867 -61.240813 1.300816
519 11175.732422 0.000518 -65.712951 0.994020
520 11197.265625 0.000126 -77.971669 0.687223
521 11218.798828 0.000271 -71.343513 -2.761165
522 11240.332031 0.000636 -63.926882 -3.067962
523 11261.865234 0.000936 -60.573473 2.908428
524 11283.398438 0.001143 -58.836435 2.601631
525 11304.931641 0.001240 -58.130554 2.294835
526 11326.464844 0.001219 -58.277688 1.988039
527 11347.998047 0.001085 -59.292705 1.681243
528 11369.531250 0.000851 -61.398434 1.374447
529 11391.064453 0.000542 -65.315375 1.067651
530 11412.597656 0.000188 -74.512015 0.760854
531 11434.130859 0.000177 -75.026199 -2.687534
532 11455.664062 0.000519 -65.688562 -2.994330
533 11477.197266 0.000807 -61.864254 2.982059
534 11498.730469 0.001013 -59.884105 2.675262
535 11520.263672 0.001121 -59.005099 2.368466
536 11541.796875 0.001122 -58.997975 2.061670
537 11563.330078 0.001018 -59.844895 1.754874
538 11584.863281 0.000820 -61.721475 1.448078
539 11606.396484 0.000549 -65.207698 1.141282
540 11627.929688 0.000231 -72.718676 0.834486
541 11649.462891 0.000103 -79.774519 -2.613903
542 11670.996094 0.000421 -67.514344 -2.920699
543 11692.529297 0.000694 -63.168888 3.055690
544 11714.062500 0.000898 -60.936953 2.748894
545 11735.595703 0.001013 -59.884055 2.442097
546 11757.128906 0.001032 -59.725864 2.135301
547 11778.662109 0.000954 -60.413253 1.828505
548 11800.195312 0.000787 -62.081991 1.521709
549 11821.728516 0.000549 -65.206001 1.214913
550 11843.261719 0.000264 -71.571292 0.908117
551 11864.794922 0.000041 -87.661789 -2.540272
552 11886.328125 0.000338 -69.428015 -2.847068
553 11907.861328 0.000598 -64.472555 3.129321
554 11929.394531 0.000797 -61.970718 2.822525
555 11950.927734 0.000918 -60.739215 2.515728
556 11972.460938 0.000952 -60.430623 2.208932
557 11993.994141 0.000895 -60.964024 1.902136
558 12015.527344 0.000755 -62.439787 1.595340
559 12037.060547 0.000547 -65.247601 1.288544
560 12058.593750 0.000290 -70.756000 0.981748
561 12080.126953 0.000010 -100.064903 0.674952
562 12101.660156 0.000267 -71.480607 -2.773437
563 12123.193359 0.000514 -65.780586 -3.080233
564 12144.726562 0.000709 -62.983008 2.896156
565 12166.259766 0.000835 -61.565371 2.589360
566 12187.792969 0.000881 -61.105366 2.282563
567 12209.326172 0.000843 -61.488507 1.975767
568 12230.859375 0.000726 -62.782622 1.668971
569 12252.392578 0.000543 -65.308384 1.362175
570 12273.925781 0.000311 -70.139775 1.055379
571 12295.458984 0.000054 -85.404327 0.748583
572 12316.992188 0.000205 -73.754782 -2.699806
573 12338.525391 0.000441 -67.106551 -3.006602
574 12360.058594 0.000632 -63.979104 2.969787
575 12381.591797 0.000762 -62.365248 2.662991
576 12403.125000 0.000817 -61.751455 2.356194
577 12424.658203 0.000796 -61.986755 2.049398
578 12446.191406 0.000699 -63.108207 1.742602
579 12467.724609 0.000538 -65.378602 1.435806
580 12489.257812 0.000329 -69.655292 1.129010
581 12510.791016 0.000092 -80.771144 0.822214
582 12532.324219 0.000152 -76.389648 -2.626175
583 12553.857422 0.000377 -68.468837 -2.932971
584 12575.390625 0.000564 -64.967143 3.043418
585 12596.923828 0.000696 -63.144300 2.736622
586 12618.457031 0.000761 -62.373081 2.429826
587 12639.990234 0.000753 -62.461888 2.123029
588 12661.523438 0.000675 -63.417914 1.816233
589 12683.056641 0.000534 -65.454401 1.509437
590 12704.589844 0.000344 -69.264343 1.202641
591 12726.123047 0.000125 -78.090456 0.895845
592 12747.656250 0.000104 -79.652145 -2.552544
593 12769.189453 0.000320 -69.890461 -2.859340
594 12790.722656 0.000504 -65.956466 3.117049
595 12812.255859 0.000638 -63.908797 2.810253
596 12833.789062 0.000710 -62.975241 2.503457
597 12855.322266 0.000715 -62.917944 2.196660
598 12876.855469 0.000652 -63.714367 1.889864
599 12898.388672 0.000529 -65.534497 1.583068
600 12919.921875 0.000357 -68.943431 1.276272
601 12941.455078 0.000154 -76.261361 0.969476
602 12962.988281 0.000062 -84.185153 -2.478913
603 12984.521484 0.000269 -71.400755 -2.785709
604 13006.054688 0.000449 -66.957169 -3.092505
605 13027.587891 0.000584 -64.665142 2.883884
606 13049.121094 0.000664 -63.562969 2.577088
607 13070.654297 0.000679 -63.359051 2.270292
608 13092.187500 0.000631 -64.000492 1.963495
609 13113.720703 0.000524 -65.618760 1.656699
610 13135.253906 0.000368 -68.677236 1.349903
611 13156.787109 0.000180 -74.906183 1.043107
612 13178.320312 0.000024 -92.500956 -2.405282
613 13199.853516 0.000223 -73.039063 -2.712078
614 13221.386719 0.000399 -67.980187 -3.018874
615 13242.919922 0.000536 -65.419677 2.957515
616 13264.453125 0.000621 -64.141079 2.650719
617 13285.986328 0.000646 -63.789121 2.343923
618 13307.519531 0.000611 -64.279138 2.037126
619 13329.052734 0.000518 -65.707576 1.730330
620 13350.585938 0.000378 -68.455308 1.423534
621 13372.119141 0.000203 -73.850870 1.116738
622 13393.652344 0.000011 -99.377200 0.809942
623 13415.185547 0.000181 -74.861846 -2.638447
624 13436.718750 0.000353 -69.037698 -2.945243
625 13458.251953 0.000491 -66.178691 3.031146
626 13479.785156 0.000581 -64.714103 2.724350
627 13501.318359 0.000616 -64.211763 2.417554
628 13522.851562 0.000592 -64.552950 2.110758
629 13544.384766 0.000513 -65.801556 1.803961
630 13565.917969 0.000386 -68.270272 1.497165
631 13587.451172 0.000224 -73.001393 1.190369
632 13608.984375 0.000042 -87.510075 0.883573
633 13630.517578 0.000142 -76.957074 -2.564816
634 13652.050781 0.000311 -70.143798 -2.871612
635 13673.583984 0.000449 -66.948546 3.104777
636 13695.117188 0.000544 -65.286333 2.797981
637 13716.650391 0.000587 -64.630287 2.491185
638 13738.183594 0.000574 -64.824335 2.184389
639 13759.716797 0.000507 -65.901394 1.877592
640 13781.250000 0.000393 -68.116774 1.570796
641 13802.783203 0.000243 -72.301548 1.264000
642 13824.316406 0.000071 -82.995242 0.957204
643 13845.849609 0.000106 -79.477042 -2.491185
644 13867.382812 0.000272 -71.315536 -2.797981
645 13888.916016 0.000410 -67.735844 -3.104777
646 13910.449219 0.000509 -65.861879 2.871612
647 13931.982422 0.000559 -65.047743 2.564816
648 13953.515625 0.000556 -65.095481 2.258020
649 13975.048828 0.000501 -66.007809 1.951224
650 13996.582031 0.000399 -67.990847 1.644427
651 14018.115234 0.000260 -71.715286 1.337631
652 14039.648438 0.000097 -80.245827 1.030835
653 14061.181641 0.000073 -82.727970 -2.417554
654 14082.714844 0.000235 -72.574522 -2.724350
655 14104.248047 0.000374 -68.547661 -3.031146
656 14125.781250 0.000476 -66.444766 2.945243
657 14147.314453 0.000533 -65.466974 2.638447
658 14168.847656 0.000539 -65.368382 2.331651
659 14190.380859 0.000494 -66.121514 2.024855
660 14211.914062 0.000403 -67.889502 1.718058
661 14233.447266 0.000275 -71.218256 1.411262
662 14254.980469 0.000122 -78.307567 1.104466
663 14276.513672 0.000042 -87.501216 -2.343923
664 14298.046875 0.000201 -73.949544 -2.650719
665 14319.580078 0.000339 -69.391840 -2.957515
666 14341.113281 0.000445 -67.039024 3.018874
667 14362.646484 0.000508 -65.890673 2.712078
668 14384.179688 0.000522 -65.644878 2.405282
669 14405.712891 0.000487 -66.243206 2.098486
670 14427.246094 0.000407 -67.810458 1.791690
671 14448.779297 0.000289 -70.793332 1.484893
672 14470.312500 0.000144 -76.835393 1.178097
673 14491.845703 0.000013 -97.521436 -2.270292
674 14513.378906 0.000168 -75.481102 -2.577088
675 14534.912109 0.000306 -70.277379 -2.883884
676 14556.445312 0.000415 -67.648794 3.092505
677 14577.978516 0.000483 -66.321437 2.785709
678 14599.511719 0.000505 -65.926689 2.478913
679 14621.044922 0.000480 -66.373572 2.172117
680 14642.578125 0.000410 -67.751963 1.865321
681 14664.111328 0.000301 -70.428090 1.558524
682 14685.644531 0.000165 -75.665409 1.251728
683 14707.177734 0.000014 -97.237346 0.944932
684 14728.710938 0.000138 -77.229893 -2.503457
685 14750.244141 0.000275 -71.214964 -2.810253
686 14771.777344 0.000386 -68.278450 -3.117049
687 14793.310547 0.000459 -66.761826 2.859340
688 14814.843750 0.000489 -66.215451 2.552544
689 14836.376953 0.000472 -66.513291 2.245748
690 14857.910156 0.000411 -67.712668 1.938952
691 14879.443359 0.000312 -70.113283 1.632156
692 14900.976562 0.000184 -74.707077 1.325359
693 14922.509766 0.000039 -88.146011 1.018563
694 14944.042969 0.000108 -79.294383 -2.429826
695 14965.576172 0.000245 -72.217736 -2.736622
696 14987.109375 0.000358 -68.932740 -3.043418
697 15008.642578 0.000436 -67.214416 2.932971
698 15030.175781 0.000472 -66.512744 2.626175
699 15051.708984 0.000464 -66.663042 2.319379
700 15073.242188 0.000412 -67.691536 2.012583
701 15094.775391 0.000322 -69.841885 1.705787
702 15116.308594 0.000202 -73.905260 1.398990
703 15137.841797 0.000063 -84.006984 1.092194
704 15159.375000 0.000081 -81.852449 -2.356194
705 15180.908203 0.000216 -73.302447 -2.662991
706 15202.441406 0.000330 -69.616956 -2.969787
707 15223.974609 0.000413 -67.681861 3.006602
708 15245.507812 0.000456 -66.820130 2.699806
709 15267.041016 0.000456 -66.823512 2.393010
710 15288.574219 0.000413 -67.687781 2.086214
711 15310.107422 0.000331 -69.608467 1.779418
712 15331.640625 0.000218 -73.224008 1.472622
713 15353.173828 0.000086 -81.355177 1.165825
714 15374.707031 0.000054 -85.282513 -2.282563
715 15396.240234 0.000189 -74.491276 -2.589360
716 15417.773438 0.000304 -70.337156 -2.896156
717 15439.306641 0.000391 -68.166956 3.080233
718 15460.839844 0.000440 -67.139174 2.773437
719 15482.373047 0.000447 -66.995407 2.466641
720 15503.906250 0.000412 -67.700819 2.159845
721 15525.439453 0.000339 -69.408779 1.853049
722 15546.972656 0.000233 -72.638662 1.546253
723 15568.505859 0.000107 -79.430975 1.239456
724 15590.039062 0.000029 -90.667382 -2.208932
725 15611.572266 0.000162 -75.814870 -2.515728
726 15633.105469 0.000279 -71.100454 -2.822525
727 15654.638672 0.000368 -68.672706 -3.129321
728 15676.171875 0.000423 -67.471483 2.847068
729 15697.705078 0.000438 -67.179460 2.540272
730 15719.238281 0.000411 -67.730236 2.233476
731 15740.771484 0.000345 -69.239456 1.926680
732 15762.304688 0.000247 -72.131636 1.619884
733 15783.837891 0.000127 -77.939405 1.313088
734 15805.371094 0.000005 -105.582730 -2.135301
735 15826.904297 0.000136 -77.317745 -2.442097
736 15848.437500 0.000254 -71.915427 -2.748894
737 15869.970703 0.000347 -69.202417 -3.055690
738 15891.503906 0.000407 -67.818731 2.920699
739 15913.037109 0.000428 -67.376443 2.613903
740 15934.570312 0.000409 -67.775762 2.307107
741 15956.103516 0.000351 -69.097817 2.000311
742 15977.636719 0.000260 -71.689997 1.693515
743 15999.169922 0.000146 -76.734932 1.386719
744 16020.703125 0.000018 -95.034956 1.079922
745 16042.236328 0.000111 -79.068720 -2.368466
746 16063.769531 0.000229 -72.792691 -2.675262
747 16085.302734 0.000325 -69.759795 -2.982059
748 16106.835938 0.000390 -68.182699 2.994330
749 16128.369141 0.000417 -67.587180 2.687534
750 16149.902344 0.000406 -67.837256 2.380738
751 16171.435547 0.000356 -68.981709 2.073942
752 16192.968750 0.000272 -71.303996 1.767146
753 16214.501953 0.000163 -75.735116 1.460350
754 16236.035156 0.000040 -88.027908 1.153554
755 16257.568359 0.000087 -81.183335 -2.294835
756 16279.101562 0.000205 -73.745750 -2.601631
757 16300.634766 0.000304 -70.349082 -2.908428
758 16322.167969 0.000373 -68.565307 3.067962
759 16343.701172 0.000407 -67.812557 2.761165
760 16365.234375 0.000402 -67.914688 2.454369
761 16386.767578 0.000359 -68.889407 2.147573
762 16408.300781 0.000283 -70.966131 1.840777
763 16429.833984 0.000180 -74.888811 1.533981
764 16451.367188 0.000061 -84.335687 1.227185
765 16472.900391 0.000064 -83.879895 -2.221204
766 16494.433594 0.000182 -74.792320 -2.528000
767 16515.966797 0.000283 -70.975221 -2.834796
768 16537.500000 0.000356 -68.968665 3.141593
769 16559.033203 0.000396 -68.053540 2.834796
770 16580.566406 0.000398 -68.008136 2.528000
771 16602.099609 0.000362 -68.819526 2.221204
772 16623.632812 0.000293 -70.670541 1.914408
773 16645.166016 0.000196 -74.162170 1.607612
774 16666.699219 0.000081 -81.850411 1.300816
775 16688.232422 0.000041 -87.656979 -2.147573
776 16709.765625 0.000159 -75.956461 -2.454369
777 16731.298828 0.000262 -71.644093 -2.761165
778 16752.832031 0.000339 -69.395122 -3.067962
779 16774.365234 0.000384 -68.311185 2.908428
780 16795.898438 0.000393 -68.117778 2.601631
781 16817.431641 0.000364 -68.770965 2.294835
782 16838.964844 0.000302 -70.412577 1.988039
783 16860.498047 0.000211 -73.531680 1.681243
784 16882.031250 0.000100 -79.996377 1.374447
785 16903.564453 0.000020 -94.174481 -2.073942
786 16925.097656 0.000137 -77.272209 -2.380738
787 16946.630859 0.000241 -72.362824 -2.687534
788 16968.164062 0.000322 -69.847332 -2.994330
789 16989.697266 0.000372 -68.586668 2.982059
790 17011.230469 0.000387 -68.243894 2.675262
791 17032.763672 0.000365 -68.742861 2.368466
792 17054.296875 0.000309 -70.188520 2.061670
793 17075.830078 0.000224 -72.980392 1.754874
794 17097.363281 0.000118 -78.531719 1.448078
795 17118.896484 0.000002 -115.790651 1.141282
796 17140.429688 0.000115 -78.790234 -2.307107
797 17161.962891 0.000220 -73.140235 -2.613903
798 17183.496094 0.000304 -70.328337 -2.920699
799 17205.029297 0.000360 -68.881297 3.055690
800 17226.562500 0.000381 -68.386861 2.748894
801 17248.095703 0.000366 -68.734552 2.442097
802 17269.628906 0.000316 -69.995367 2.135301
803 17291.162109 0.000237 -72.495713 1.828505
804 17312.695312 0.000136 -77.331799 1.521709
805 17334.228516 0.000022 -93.096118 1.214913
806 17355.761719 0.000093 -80.591101 -2.233476
807 17377.294922 0.000200 -73.987497 -2.540272
808 17398.828125 0.000287 -70.841673 -2.847068
809 17420.361328 0.000347 -69.196546 3.129321
810 17441.894531 0.000374 -68.547163 2.822525
811 17463.427734 0.000365 -68.745552 2.515728
812 17484.960938 0.000322 -69.830679 2.208932
813 17506.494141 0.000249 -72.068066 1.902136
814 17528.027344 0.000153 -76.323981 1.595340
815 17549.560547 0.000042 -87.533192 1.288544
816 17571.093750 0.000072 -82.815078 -2.159845
817 17592.626953 0.000179 -74.919106 -2.466641
818 17614.160156 0.000269 -71.391505 -2.773437
819 17635.693359 0.000334 -69.534088 -3.080233
820 17657.226562 0.000366 -68.725391 2.896156
821 17678.759766 0.000364 -68.775533 2.589360
822 17700.292969 0.000328 -69.692473 2.282563
823 17721.826172 0.000260 -71.690022 1.975767
824 17743.359375 0.000169 -75.462267 1.668971
825 17764.892578 0.000061 -84.259781 1.362175
826 17786.425781 0.000052 -85.741761 -2.086214
827 17807.958984 0.000159 -75.954441 -2.393010
828 17829.492188 0.000252 -71.982812 -2.699806
829 17851.025391 0.000320 -69.895835 -3.006602
830 17872.558594 0.000358 -68.922260 2.969787
831 17894.091797 0.000362 -68.824312 2.662991
832 17915.625000 0.000332 -69.579136 2.356194
833 17937.158203 0.000271 -71.355723 2.049398
834 17958.691406 0.000184 -74.715730 1.742602
835 17980.224609 0.000080 -81.956662 1.435806
836 18001.757812 0.000031 -90.072528 -2.012583
837 18023.291016 0.000139 -77.120309 -2.319379
838 18044.824219 0.000234 -72.621640 -2.626175
839 18066.357422 0.000306 -70.283994 -2.932971
840 18087.890625 0.000349 -69.138613 3.043418
841 18109.423828 0.000359 -68.891836 2.736622
842 18130.957031 0.000335 -69.489363 2.429826
843 18152.490234 0.000280 -71.060495 2.123029
844 18174.023438 0.000198 -74.062613 1.816233
845 18195.556641 0.000098 -80.193859 1.509437
846 18217.089844 0.000012 -98.781872 -1.938952
847 18238.623047 0.000119 -78.455406 -2.245748
848 18260.156250 0.000216 -73.315455 -2.552544
849 18281.689453 0.000292 -70.701129 -2.859340
850 18303.222656 0.000340 -69.375444 3.117049
851 18324.755859 0.000356 -68.978185 2.810253
852 18346.289062 0.000338 -69.422104 2.503457
853 18367.822266 0.000288 -70.800565 2.196660
854 18389.355469 0.000212 -73.487058 1.889864
855 18410.888672 0.000115 -78.776551 1.583068
856 18432.421875 0.000008 -102.016824 1.276272
857 18453.955078 0.000100 -80.018704 -2.172117
858 18475.488281 0.000198 -74.073647 -2.478913
859 18497.021484 0.000277 -71.150252 -2.785709
860 18518.554688 0.000330 -69.633916 -3.092505
861 18540.087891 0.000351 -69.083561 2.883884
862 18561.621094 0.000340 -69.376535 2.577088
863 18583.154297 0.000296 -70.572868 2.270292
864 18604.687500 0.000224 -72.977177 1.963495
865 18626.220703 0.000132 -77.599842 1.656699
866 18647.753906 0.000027 -91.393731 1.349903
867 18669.287109 0.000080 -81.906826 -2.098486
868 18690.820312 0.000180 -74.908283 -2.405282
869 18712.353516 0.000262 -71.634932 -2.712078
870 18733.886719 0.000319 -69.915389 -3.018874
871 18755.419922 0.000346 -69.208296 2.957515
872 18776.953125 0.000341 -69.352023 2.650719
873 18798.486328 0.000303 -70.374896 2.343923
874 18820.019531 0.000236 -72.523851 2.037126
875 18841.552734 0.000148 -76.600789 1.730330
876 18863.085938 0.000046 -86.838289 1.423534
877 18884.619141 0.000061 -84.295213 -2.024855
878 18906.152344 0.000162 -75.835263 -2.331651
879 18927.685547 0.000247 -72.159449 -2.638447
880 18949.218750 0.000308 -70.221453 -2.945243
881 18970.751953 0.000341 -69.352854 3.031146
882 18992.285156 0.000341 -69.348109 2.724350
883 19013.818359 0.000309 -70.204593 2.417554
884 19035.351562 0.000248 -72.119956 2.110758
885 19056.884766 0.000163 -75.738680 1.803961
886 19078.417969 0.000064 -83.925644 1.497165
887 19099.951172 0.000042 -87.557568 -1.951224
888 19121.484375 0.000143 -76.876160 -2.258020
889 19143.017578 0.000231 -72.728994 -2.564816
890 19164.550781 0.000297 -70.553970 -2.871612
891 19186.083984 0.000334 -69.517837 3.104777
892 19207.617188 0.000340 -69.364494 2.797981
893 19229.150391 0.000314 -70.060276 2.491185
894 19250.683594 0.000258 -71.759837 2.184389
895 19272.216797 0.000178 -74.985695 1.877592
896 19293.750000 0.000081 -81.796460 1.570796
897 19315.283203 0.000023 -92.759871 -1.877592
898 19336.816406 0.000125 -78.061326 -2.184389
899 19358.349609 0.000215 -73.349958 -2.491185
900 19379.882812 0.000285 -70.915133 -2.797981
901 19401.416016 0.000327 -69.704002 -3.104777
902 19422.949219 0.000339 -69.401023 2.871612
903 19444.482422 0.000318 -69.940569 2.564816
904 19466.015625 0.000268 -71.438950 2.258020
905 19487.548828 0.000192 -74.322005 1.951224
906 19509.082031 0.000099 -80.128548 1.644427
907 19530.615234 0.000004 -107.184023 -1.803961
908 19552.148438 0.000107 -79.435453 -2.110758
909 19573.681641 0.000199 -74.030324 -2.417554
910 19595.214844 0.000272 -71.307535 -2.724350
911 19616.748047 0.000319 -69.912272 -3.031146
912 19638.281250 0.000337 -69.457682 2.945243
913 19659.814453 0.000322 -69.844356 2.638447
914 19681.347656 0.000277 -71.153609 2.331651
915 19702.880859 0.000206 -73.733001 2.024855
916 19724.414062 0.000115 -78.765613 1.718058
917 19745.947266 0.000014 -97.066320 1.411262
918 19767.480469 0.000088 -81.068378 -2.037126
919 19789.013672 0.000182 -74.780259 -2.343923
920 19810.546875 0.000259 -71.734264 -2.650719
921 19832.080078 0.000311 -70.143758 -2.957515
922 19853.613281 0.000334 -69.534599 3.018874
923 19875.146484 0.000325 -69.770750 2.712078
924 19896.679688 0.000285 -70.900799 2.405282
925 19918.212891 0.000219 -73.207632 2.098486
926 19939.746094 0.000132 -77.619931 1.791690
927 19961.279297 0.000032 -89.858474 1.484893
928 19982.812500 0.000070 -83.078458 -1.963495
929 20004.345703 0.000166 -75.612983 -2.270292
930 20025.878906 0.000245 -72.199025 -2.577088
931 20047.412109 0.000302 -70.399790 -2.883884
932 20068.945312 0.000330 -69.632035 3.092505
933 20090.478516 0.000327 -69.719059 2.785709
934 20112.011719 0.000292 -70.678041 2.478913
935 20133.544922 0.000231 -72.737354 2.172117
936 20155.078125 0.000147 -76.637346 1.865321
937 20176.611328 0.000050 -86.023586 1.558524
938 20198.144531 0.000052 -85.691608 -1.889864
939 20219.677734 0.000149 -76.546137 -2.196660
940 20241.210938 0.000232 -72.706310 -2.503457
941 20262.744141 0.000292 -70.681953 -2.810253
942 20284.277344 0.000325 -69.750400 -3.117049
943 20305.810547 0.000328 -69.688771 2.859340
944 20327.343750 0.000299 -70.483294 2.552544
945 20348.876953 0.000242 -72.315441 2.245748
946 20370.410156 0.000163 -75.782091 1.938952
947 20391.943359 0.000068 -83.411071 1.632156
948 20413.476562 0.000034 -89.431263 -1.816233
949 20435.009766 0.000132 -77.604004 -2.123029
950 20456.542969 0.000217 -73.261625 -2.429826
951 20478.076172 0.000282 -70.992126 -2.736622
952 20499.609375 0.000320 -69.890251 -3.043418
953 20521.142578 0.000328 -69.679534 2.932971
954 20542.675781 0.000305 -70.314873 2.626175
955 20564.208984 0.000253 -71.936523 2.319379
956 20585.742188 0.000177 -75.029328 2.012583
957 20607.275391 0.000085 -81.437968 1.705787
958 20628.808594 0.000016 -96.095356 -1.742602
959 20650.341797 0.000115 -78.821332 -2.049398
960 20671.875000 0.000202 -73.871810 -2.356194
961 20693.408203 0.000271 -71.332553 -2.662991
962 20714.941406 0.000314 -70.052311 -2.969787
963 20736.474609 0.000328 -69.691150 3.006602
964 20758.007812 0.000310 -70.171396 2.699806
965 20779.541016 0.000263 -71.596257 2.393010
966 20801.074219 0.000191 -74.361126 2.086214
967 20822.607422 0.000102 -79.859915 1.779418
968 20844.140625 0.000002 -112.729582 1.472622
969 20865.673828 0.000097 -80.250373 -1.975767
970 20887.207031 0.000187 -74.545496 -2.282563
971 20908.740234 0.000260 -71.705911 -2.589360
972 20930.273438 0.000308 -70.237483 -2.896156
973 20951.806641 0.000326 -69.723566 3.080233
974 20973.339844 0.000314 -70.051735 2.773437
975 20994.873047 0.000273 -71.291103 2.466641
976 21016.406250 0.000205 -73.764130 2.159845
977 21037.939453 0.000118 -78.551048 1.853049
978 21059.472656 0.000020 -93.904776 1.546253
979 21081.005859 0.000080 -81.975065 -1.902136
980 21102.539062 0.000172 -75.293785 -2.208932
981 21124.072266 0.000248 -72.115420 -2.515728
982 21145.605469 0.000300 -70.446872 -2.822525
983 21167.138672 0.000324 -69.776871 -3.129321
984 21188.671875 0.000318 -69.954986 2.847068
985 21210.205078 0.000281 -71.018148 2.540272
986 21231.738281 0.000218 -73.228147 2.233476
987 21253.271484 0.000134 -77.437971 1.926680
988 21274.804688 0.000038 -88.429031 1.619884
989 21296.337891 0.000062 -84.143303 -1.828505
990 21317.871094 0.000156 -76.131270 -2.135301
991 21339.404297 0.000235 -72.564976 -2.442097
992 21360.937500 0.000292 -70.681820 -2.748894
993 21382.470703 0.000322 -69.851302 -3.055690
994 21404.003906 0.000321 -69.880439 2.920699
995 21425.537109 0.000289 -70.774987 2.613903
996 21447.070312 0.000231 -72.745229 2.307107
997 21468.603516 0.000150 -76.474145 2.000311
998 21490.136719 0.000055 -85.122482 1.693515
999 21511.669922 0.000044 -87.054875 -1.754874
1000 21533.203125 0.000140 -77.077664 -2.061670
1001 21554.736328 0.000222 -73.059341 -2.368466
1002 21576.269531 0.000284 -70.943935 -2.675262
1003 21597.802734 0.000318 -69.947241 -2.982059
1004 21619.335938 0.000323 -69.827560 2.994330
1005 21640.869141 0.000296 -70.559626 2.687534
1006 21662.402344 0.000242 -72.309081 2.380738
1007 21683.935547 0.000165 -75.628213 2.073942
1008 21705.468750 0.000073 -82.755576 1.767146
1009 21727.001953 0.000027 -91.484523 -1.681243
1010 21748.535156 0.000124 -78.160501 -1.988039
1011 21770.068359 0.000209 -73.604396 -2.294835
1012 21791.601562 0.000274 -71.235152 -2.601631
1013 21813.134766 0.000314 -70.065233 -2.908428
1014 21834.667969 0.000324 -69.795979 3.067962
1015 21856.201172 0.000303 -70.370414 2.761165
1016 21877.734375 0.000254 -71.914640 2.454369
1017 21899.267578 0.000180 -74.878059 2.147573
1018 21920.800781 0.000090 -80.917504 1.840777
1019 21942.333984 0.000009 -101.023285 -1.607612
1020 21963.867188 0.000107 -79.419883 -1.914408
1021 21985.400391 0.000195 -74.207510 -2.221204
1022 22006.933594 0.000264 -71.557789 -2.528000
1023 22028.466797 0.000309 -70.205989 -2.834796
1024 22050.000000 0.000324 -69.785476 3.141593
