00 0.000000 1.000000 -0.000002 0.000000
01 21.533203 1.000000 -0.000001 -0.306796
02 43.066406 1.000000 -0.000001 -0.613592
03 64.599609 1.000000 -0.000001 -0.920388
04 86.132812 1.000000 -0.000001 -1.227185
05 107.666016 1.000000 -0.000000 -1.533981
06 129.199219 1.000000 0.000000 -1.840777
07 150.732422 1.000000 0.000001 -2.147573
08 172.265625 1.000000 0.000001 -2.454369
09 193.798828 1.000000 0.000001 -2.761165
10 215.332031 1.000000 0.000002 -3.067962
11 236.865234 1.000000 0.000002 2.908428
12 258.398438 1.000000 0.000001 2.601631
13 279.931641 1.000000 0.000001 2.294835
14 301.464844 1.000000 0.000001 1.988039
15 322.998047 1.000000 0.000000 1.681243
16 344.531250 1.000000 -0.000000 1.374447
17 366.064453 1.000000 -0.000000 1.067651
18 387.597656 1.000000 -0.000001 0.760854
19 409.130859 1.000000 -0.000001 0.454058
20 430.664062 1.000000 -0.000002 0.147262
21 452.197266 1.000000 -0.000002 -0.159534
22 473.730469 1.000000 -0.000002 -0.466330
23 495.263672 1.000000 -0.000001 -0.773126
24 516.796875 1.000000 -0.000001 -1.079922
25 538.330078 1.000000 -0.000001 -1.386719
26 559.863281 1.000000 -0.000000 -1.693515
27 581.396484 1.000000 0.000000 -2.000311
28 602.929688 1.000000 0.000001 -2.307107
29 624.462891 1.000000 0.000001 -2.613903
30 645.996094 1.000000 0.000001 -2.920699
31 667.529297 1.000000 0.000002 3.055690
32 689.062500 1.000000 0.000002 2.748894
33 710.595703 1.000000 0.000002 2.442097
34 732.128906 1.000000 0.000001 2.135301
35 753.662109 1.000000 0.000001 1.828505
36 775.195312 1.000000 0.000001 1.521709
37 796.728516 1.000000 0.000000 1.214913
38 818.261719 1.000000 -0.000000 0.908117
39 839.794922 1.000000 -0.000001 0.601320
40 861.328125 1.000000 -0.000001 0.294524
41 882.861328 1.000000 -0.000002 -0.012272
42 904.394531 1.000000 -0.000002 -0.319068
43 925.927734 1.000000 -0.000002 -0.625864
44 947.460938 1.000000 -0.000002 -0.932660
45 968.994141 1.000000 -0.000001 -1.239456
46 990.527344 1.000000 -0.000001 -1.546253
47 1012.060547 1.000000 -0.000000 -1.853049
48 1033.593750 1.000000 0.000000 -2.159845
49 1055.126953 1.000000 0.000001 -2.466641
50 1076.660156 1.000000 0.000001 -2.773437
51 1098.193359 1.000000 0.000002 -3.080233
52 1119.726562 1.000000 0.000002 2.896156
53 1141.259766 1.000000 0.000002 2.589360
54 1162.792969 1.000000 0.000002 2.282563
55 1184.326172 1.000000 0.000002 1.975767
56 1205.859375 1.000000 0.000001 1.668971
57 1227.392578 1.000000 0.000001 1.362175
58 1248.925781 1.000000 0.000000 1.055379
59 1270.458984 1.000000 -0.000000 0.748583
60 1291.992188 1.000000 -0.000001 0.441786
61 1313.525391 1.000000 -0.000002 0.134990
62 1335.058594 1.000000 -0.000002 -0.171806
63 1356.591797 1.000000 -0.000002 -0.478602
64 1378.125000 1.000000 -0.000002 -0.785398
65 1399.658203 1.000000 -0.000002 -1.092194
66 1421.191406 1.000000 -0.000002 -1.398990
67 1442.724609 1.000000 -0.000001 -1.705787
68 1464.257812 1.000000 -0.000001 -2.012583
69 1485.791016 1.000000 0.000000 -2.319379
70 1507.324219 1.000000 0.000001 -2.626175
71 1528.857422 1.000000 0.000001 -2.932971
72 1550.390625 1.000000 0.000002 3.043418
73 1571.923828 1.000000 0.000002 2.736622
74 1593.457031 1.000000 0.000002 2.429826
75 1614.990234 1.000000 0.000002 2.123029
76 1636.523438 1.000000 0.000002 1.816233
77 1658.056641 1.000000 0.000002 1.509437
78 1679.589844 1.000000 0.000001 1.202641
79 1701.123047 1.000000 0.000000 0.895845
80 1722.656250 1.000000 -0.000001 0.589049
81 1744.189453 1.000000 -0.000001 0.282252
82 1765.722656 1.000000 -0.000002 -0.024544
83 1787.255859 1.000000 -0.000002 -0.331340
84 1808.789062 1.000000 -0.000003 -0.638136
85 1830.322266 1.000000 -0.000003 -0.944932
86 1851.855469 1.000000 -0.000002 -1.251728
87 1873.388672 1.000000 -0.000002 -1.558524
88 1894.921875 1.000000 -0.000001 -1.865321
89 1916.455078 1.000000 -0.000001 -2.172117
90 1937.988281 1.000000 0.000000 -2.478913
91 1959.521484 1.000000 0.000001 -2.785709
92 1981.054688 1.000000 0.000002 -3.092505
93 2002.587891 1.000000 0.000002 2.883884
94 2024.121094 1.000000 0.000003 2.577088
95 2045.654297 1.000000 0.000003 2.270292
96 2067.187500 1.000000 0.000003 1.963495
97 2088.720703 1.000000 0.000002 1.656699
98 2110.253906 1.000000 0.000002 1.349903
99 2131.787109 1.000000 0.000001 1.043107
100 2153.320312 1.000000 -0.000000 0.736311
101 2174.853516 1.000000 -0.000001 0.429515
102 2196.386719 1.000000 -0.000002 0.122718
103 2217.919922 1.000000 -0.000002 -0.184078
104 2239.453125 1.000000 -0.000003 -0.490874
105 2260.986328 1.000000 -0.000003 -0.797670
106 2282.519531 1.000000 -0.000003 -1.104466
107 2304.052734 1.000000 -0.000003 -1.411262
108 2325.585938 1.000000 -0.000002 -1.718058
109 2347.119141 1.000000 -0.000001 -2.024855
110 2368.652344 1.000000 -0.000000 -2.331651
111 2390.185547 1.000000 0.000001 -2.638447
112 2411.718750 1.000000 0.000002 -2.945243
113 2433.251953 1.000000 0.000003 3.031146
114 2454.785156 1.000000 0.000003 2.724350
115 2476.318359 1.000000 0.000004 2.417554
116 2497.851562 1.000000 0.000004 2.110758
117 2519.384766 1.000000 0.000003 1.803961
118 2540.917969 1.000000 0.000003 1.497165
119 2562.451172 1.000000 0.000002 1.190369
120 2583.984375 1.000000 0.000001 0.883573
121 2605.517578 1.000000 -0.000000 0.576777
122 2627.050781 1.000000 -0.000001 0.269981
123 2648.583984 1.000000 -0.000002 -0.036816
124 2670.117188 1.000000 -0.000003 -0.343612
125 2691.650391 1.000000 -0.000004 -0.650408
126 2713.183594 1.000000 -0.000004 -0.957204
127 2734.716797 1.000000 -0.000004 -1.264000
128 2756.250000 1.000000 -0.000003 -1.570796
129 2777.783203 1.000000 -0.000002 -1.877592
130 2799.316406 1.000000 -0.000001 -2.184389
131 2820.849609 1.000000 -0.000000 -2.491185
132 2842.382812 1.000000 0.000001 -2.797981
133 2863.916016 1.000000 0.000002 -3.104777
134 2885.449219 1.000000 0.000003 2.871612
135 2906.982422 1.000000 0.000004 2.564816
136 2928.515625 1.000001 0.000004 2.258020
137 2950.048828 1.000000 0.000004 1.951224
138 2971.582031 1.000000 0.000004 1.644427
139 2993.115234 1.000000 0.000003 1.337631
140 3014.648438 1.000000 0.000002 1.030835
141 3036.181641 1.000000 0.000000 0.724039
142 3057.714844 1.000000 -0.000001 0.417243
143 3079.248047 1.000000 -0.000002 0.110447
144 3100.781250 1.000000 -0.000003 -0.196350
145 3122.314453 1.000000 -0.000004 -0.503146
146 3143.847656 0.999999 -0.000005 -0.809942
147 3165.380859 0.999999 -0.000005 -1.116738
148 3186.914062 0.999999 -0.000004 -1.423534
149 3208.447266 1.000000 -0.000004 -1.730330
150 3229.980469 1.000000 -0.000002 -2.037126
151 3251.513672 1.000000 -0.000001 -2.343923
152 3273.046875 1.000000 0.000001 -2.650719
153 3294.580078 1.000000 0.000002 -2.957515
154 3316.113281 1.000000 0.000004 3.018874
155 3337.646484 1.000001 0.000005 2.712078
156 3359.179688 1.000001 0.000005 2.405282
157 3380.712891 1.000001 0.000005 2.098486
158 3402.246094 1.000001 0.000005 1.791690
159 3423.779297 1.000000 0.000004 1.484893
160 3445.312500 1.000000 0.000003 1.178097
161 3466.845703 1.000000 0.000002 0.871301
162 3488.378906 1.000000 -0.000000 0.564505
163 3509.912109 1.000000 -0.000002 0.257709
164 3531.445312 1.000000 -0.000004 -0.049087
165 3552.978516 0.999999 -0.000005 -0.355884
166 3574.511719 0.999999 -0.000006 -0.662680
167 3596.044922 0.999999 -0.000006 -0.969476
168 3617.578125 0.999999 -0.000006 -1.276272
169 3639.111328 0.999999 -0.000005 -1.583068
170 3660.644531 1.000000 -0.000004 -1.889864
171 3682.177734 1.000000 -0.000002 -2.196660
172 3703.710938 1.000000 -0.000000 -2.503457
173 3725.244141 1.000000 0.000002 -2.810253
174 3746.777344 1.000000 0.000003 -3.117049
175 3768.310547 1.000001 0.000005 2.859340
176 3789.843750 1.000001 0.000006 2.552544
177 3811.376953 1.000001 0.000007 2.245748
178 3832.910156 1.000001 0.000007 1.938952
179 3854.443359 1.000001 0.000006 1.632156
180 3875.976562 1.000001 0.000005 1.325359
181 3897.509766 1.000000 0.000003 1.018563
182 3919.042969 1.000000 0.000001 0.711767
183 3940.576172 1.000000 -0.000001 0.404971
184 3962.109375 1.000000 -0.000003 0.098175
185 3983.642578 0.999999 -0.000005 -0.208621
186 4005.175781 0.999999 -0.000007 -0.515418
187 4026.708984 0.999999 -0.000007 -0.822214
188 4048.242188 0.999999 -0.000008 -1.129010
189 4069.775391 0.999999 -0.000007 -1.435806
190 4091.308594 0.999999 -0.000006 -1.742602
191 4112.841797 1.000000 -0.000004 -2.049398
192 4134.375000 1.000000 -0.000002 -2.356194
193 4155.908203 1.000000 0.000001 -2.662991
194 4177.441406 1.000000 0.000003 -2.969787
195 4198.974609 1.000001 0.000005 3.006602
196 4220.507812 1.000001 0.000007 2.699806
197 4242.041016 1.000001 0.000008 2.393010
198 4263.574219 1.000001 0.000009 2.086214
199 4285.107422 1.000001 0.000008 1.779418
200 4306.640625 1.000001 0.000007 1.472622
201 4328.173828 1.000001 0.000005 1.165825
202 4349.707031 1.000000 0.000003 0.859029
203 4371.240234 1.000000 0.000000 0.552233
204 4392.773438 1.000000 -0.000003 0.245437
205 4414.306641 0.999999 -0.000005 -0.061359
206 4435.839844 0.999999 -0.000008 -0.368155
207 4457.373047 0.999999 -0.000009 -0.674952
208 4478.906250 0.999999 -0.000010 -0.981748
209 4500.439453 0.999999 -0.000010 -1.288544
210 4521.972656 0.999999 -0.000008 -1.595340
211 4543.505859 0.999999 -0.000006 -1.902136
212 4565.039062 1.000000 -0.000004 -2.208932
213 4586.572266 1.000000 -0.000001 -2.515728
214 4608.105469 1.000000 0.000002 -2.822525
215 4629.638672 1.000001 0.000005 -3.129321
216 4651.171875 1.000001 0.000008 2.847068
217 4672.705078 1.000001 0.000010 2.540272
218 4694.238281 1.000001 0.000011 2.233476
219 4715.771484 1.000001 0.000011 1.926680
220 4737.304688 1.000001 0.000010 1.619884
221 4758.837891 1.000001 0.000008 1.313088
222 4780.371094 1.000001 0.000005 1.006291
223 4801.904297 1.000000 0.000002 0.699495
224 4823.437500 1.000000 -0.000002 0.392699
225 4844.970703 0.999999 -0.000005 0.085903
226 4866.503906 0.999999 -0.000008 -0.220893
227 4888.037109 0.999999 -0.000011 -0.527689
228 4909.570312 0.999999 -0.000012 -0.834486
229 4931.103516 0.999999 -0.000013 -1.141282
230 4952.636719 0.999999 -0.000012 -1.448078
231 4974.169922 0.999999 -0.000010 -1.754874
232 4995.703125 0.999999 -0.000007 -2.061670
233 5017.236328 1.000000 -0.000003 -2.368466
234 5038.769531 1.000000 0.000001 -2.675262
235 5060.302734 1.000001 0.000005 -2.982059
236 5081.835938 1.000001 0.000009 2.994330
237 5103.369141 1.000001 0.000012 2.687534
238 5124.902344 1.000002 0.000014 2.380738
239 5146.435547 1.000002 0.000014 2.073942
240 5167.968750 1.000002 0.000014 1.767146
241 5189.501953 1.000001 0.000012 1.460350
242 5211.035156 1.000001 0.000009 1.153554
243 5232.568359 1.000001 0.000005 0.846757
244 5254.101562 1.000000 0.000000 0.539961
245 5275.634766 0.999999 -0.000005 0.233165
246 5297.167969 0.999999 -0.000009 -0.073631
247 5318.701172 0.999999 -0.000013 -0.380427
248 5340.234375 0.999998 -0.000015 -0.687223
249 5361.767578 0.999998 -0.000017 -0.994020
250 5383.300781 0.999998 -0.000016 -1.300816
251 5404.833984 0.999998 -0.000014 -1.607612
252 5426.367188 0.999999 -0.000011 -1.914408
253 5447.900391 0.999999 -0.000007 -2.221204
254 5469.433594 1.000000 -0.000001 -2.528000
255 5490.966797 1.000000 0.000004 -2.834796
256 5512.500000 1.000001 0.000009 3.141593
257 5534.033203 1.000002 0.000014 2.834796
258 5555.566406 1.000002 0.000017 2.528000
259 5577.099609 1.000002 0.000019 2.221204
260 5598.632812 1.000002 0.000019 1.914408
261 5620.166016 1.000002 0.000017 1.607612
262 5641.699219 1.000002 0.000014 1.300816
263 5663.232422 1.000001 0.000009 0.994020
264 5684.765625 1.000000 0.000003 0.687223
265 5706.298828 1.000000 -0.000003 0.380427
266 5727.832031 0.999999 -0.000009 0.073631
267 5749.365234 0.999998 -0.000015 -0.233165
268 5770.898438 0.999998 -0.000019 -0.539961
269 5792.431641 0.999997 -0.000022 -0.846757
270 5813.964844 0.999997 -0.000022 -1.153554
271 5835.498047 0.999998 -0.000021 -1.460350
272 5857.031250 0.999998 -0.000017 -1.767146
273 5878.564453 0.999999 -0.000012 -2.073942
274 5900.097656 0.999999 -0.000006 -2.380738
275 5921.630859 1.000000 0.000002 -2.687534
276 5943.164062 1.000001 0.000009 -2.994330
277 5964.697266 1.000002 0.000016 2.982059
278 5986.230469 1.000002 0.000022 2.675262
279 6007.763672 1.000003 0.000025 2.368466
280 6029.296875 1.000003 0.000026 2.061670
281 6050.830078 1.000003 0.000025 1.754874
282 6072.363281 1.000003 0.000022 1.448078
283 6093.896484 1.000002 0.000016 1.141282
284 6115.429688 1.000001 0.000008 0.834486
285 6136.962891 1.000000 -0.000000 0.527689
286 6158.496094 0.999999 -0.000009 0.220893
287 6180.029297 0.999998 -0.000017 -0.085903
288 6201.562500 0.999997 -0.000024 -0.392699
289 6223.095703 0.999997 -0.000029 -0.699495
290 6244.628906 0.999996 -0.000031 -1.006291
291 6266.162109 0.999996 -0.000031 -1.313088
292 6287.695312 0.999997 -0.000027 -1.619884
293 6309.228516 0.999998 -0.000021 -1.926680
294 6330.761719 0.999999 -0.000012 -2.233476
295 6352.294922 1.000000 -0.000002 -2.540272
296 6373.828125 1.000001 0.000008 -2.847068
297 6395.361328 1.000002 0.000018 3.129321
298 6416.894531 1.000003 0.000027 2.822525
299 6438.427734 1.000004 0.000034 2.515728
300 6459.960938 1.000004 0.000037 2.208932
301 6481.494141 1.000004 0.000037 1.902136
302 6503.027344 1.000004 0.000034 1.595340
303 6524.560547 1.000003 0.000027 1.288544
304 6546.093750 1.000002 0.000017 0.981748
305 6567.626953 1.000001 0.000006 0.674952
306 6589.160156 0.999999 -0.000007 0.368155
307 6610.693359 0.999998 -0.000019 0.061359
308 6632.226562 0.999996 -0.000030 -0.245437
309 6653.759766 0.999996 -0.000039 -0.552233
310 6675.292969 0.999995 -0.000044 -0.859029
311 6696.826172 0.999995 -0.000045 -1.165825
312 6718.359375 0.999995 -0.000042 -1.472622
313 6739.892578 0.999996 -0.000035 -1.779418
314 6761.425781 0.999997 -0.000024 -2.086214
315 6782.958984 0.999999 -0.000010 -2.393010
316 6804.492188 1.000001 0.000005 -2.699806
317 6826.025391 1.000002 0.000020 -3.006602
318 6847.558594 1.000004 0.000034 2.969787
319 6869.091797 1.000005 0.000046 2.662991
320 6890.625000 1.000006 0.000053 2.356194
321 6912.158203 1.000006 0.000056 2.049398
322 6933.691406 1.000006 0.000053 1.742602
323 6955.224609 1.000005 0.000046 1.435806
324 6976.757812 1.000004 0.000033 1.129010
325 6998.291016 1.000002 0.000017 0.822214
326 7019.824219 1.000000 -0.000001 0.515418
327 7041.357422 0.999998 -0.000021 0.208621
328 7062.890625 0.999996 -0.000039 -0.098175
329 7084.423828 0.999994 -0.000054 -0.404971
330 7105.957031 0.999993 -0.000064 -0.711767
331 7127.490234 0.999992 -0.000069 -1.018563
332 7149.023438 0.999992 -0.000068 -1.325359
333 7170.556641 0.999993 -0.000060 -1.632156
334 7192.089844 0.999995 -0.000045 -1.938952
335 7213.623047 0.999997 -0.000026 -2.245748
336 7235.156250 1.000000 -0.000004 -2.552544
337 7256.689453 1.000002 0.000021 -2.859340
338 7278.222656 1.000005 0.000044 3.117049
339 7299.755859 1.000007 0.000064 2.810253
340 7321.289062 1.000009 0.000079 2.503457
341 7342.822266 1.000010 0.000087 2.196660
342 7364.355469 1.000010 0.000087 1.889864
343 7385.888672 1.000009 0.000079 1.583068
344 7407.421875 1.000007 0.000062 1.276272
345 7428.955078 1.000005 0.000039 0.969476
346 7450.488281 1.000001 0.000011 0.662680
347 7472.021484 0.999998 -0.000019 0.355884
348 7493.554688 0.999994 -0.000050 0.049087
349 7515.087891 0.999991 -0.000077 -0.257709
350 7536.621094 0.999989 -0.000098 -0.564505
351 7558.154297 0.999987 -0.000110 -0.871301
352 7579.687500 0.999987 -0.000113 -1.178097
353 7601.220703 0.999988 -0.000105 -1.484893
354 7622.753906 0.999990 -0.000086 -1.791690
355 7644.287109 0.999993 -0.000058 -2.098486
356 7665.820312 0.999997 -0.000023 -2.405282
357 7687.353516 1.000002 0.000016 -2.712078
358 7708.886719 1.000006 0.000056 -3.018874
359 7730.419922 1.000011 0.000093 2.957515
360 7751.953125 1.000014 0.000123 2.650719
361 7773.486328 1.000016 0.000142 2.343923
362 7795.019531 1.000017 0.000149 2.037126
363 7816.552734 1.000016 0.000142 1.730330
364 7838.085938 1.000014 0.000121 1.423534
365 7859.619141 1.000010 0.000086 1.116738
366 7881.152344 1.000005 0.000041 0.809942
367 7902.685547 0.999999 -0.000010 0.503146
368 7924.218750 0.999993 -0.000064 0.196350
369 7945.751953 0.999987 -0.000115 -0.110447
370 7967.285156 0.999982 -0.000158 -0.417243
371 7988.818359 0.999978 -0.000188 -0.724039
372 8010.351562 0.999977 -0.000201 -1.030835
373 8031.884766 0.999977 -0.000196 -1.337631
374 8053.417969 0.999980 -0.000172 -1.644427
375 8074.951172 0.999985 -0.000129 -1.951224
376 8096.484375 0.999992 -0.000070 -2.258020
377 8118.017578 1.000000 -0.000001 -2.564816
378 8139.550781 1.000008 0.000073 -2.871612
379 8161.083984 1.000017 0.000145 3.104777
380 8182.617188 1.000024 0.000207 2.797981
381 8204.150391 1.000029 0.000254 2.491185
382 8225.683594 1.000032 0.000279 2.184389
383 8247.216797 1.000032 0.000278 1.877592
384 8268.750000 1.000029 0.000250 1.570796
385 8290.283203 1.000022 0.000195 1.264000
386 8311.816406 1.000014 0.000117 0.957204
387 8333.349609 1.000003 0.000022 0.650408
388 8354.882812 0.999991 -0.000082 0.343612
389 8376.416016 0.999979 -0.000186 0.036816
390 8397.949219 0.999968 -0.000280 -0.269981
391 8419.482422 0.999959 -0.000354 -0.576777
392 8441.015625 0.999954 -0.000398 -0.883573
393 8462.548828 0.999953 -0.000406 -1.190369
394 8484.082031 0.999957 -0.000375 -1.497165
395 8505.615234 0.999965 -0.000304 -1.803961
396 8527.148438 0.999977 -0.000197 -2.110758
397 8548.681641 0.999993 -0.000062 -2.417554
398 8570.214844 1.000010 0.000090 -2.724350
399 8591.748047 1.000028 0.000247 -3.031146
400 8613.281250 1.000045 0.000392 2.945243
401 8634.814453 1.000059 0.000510 2.638447
402 8656.347656 1.000068 0.000588 2.331651
403 8677.880859 1.000071 0.000614 2.024855
404 8699.414062 1.000067 0.000582 1.718058
405 8720.947266 1.000056 0.000488 1.411262
406 8742.480469 1.000039 0.000337 1.104466
407 8764.013672 1.000016 0.000139 0.797670
408 8785.546875 0.999990 -0.000091 0.490874
409 8807.080078 0.999962 -0.000333 0.184078
410 8828.613281 0.999935 -0.000565 -0.122718
411 8850.146484 0.999912 -0.000761 -0.429515
412 8871.679688 0.999896 -0.000900 -0.736311
413 8893.212891 0.999889 -0.000961 -1.043107
414 8914.746094 0.999893 -0.000933 -1.349903
415 8936.279297 0.999907 -0.000809 -1.656699
416 8957.812500 0.999932 -0.000592 -1.963495
417 8979.345703 0.999966 -0.000297 -2.270292
418 9000.878906 1.000006 0.000055 -2.577088
419 9022.412109 1.000050 0.000432 -2.883884
420 9043.945312 1.000092 0.000800 3.092505
421 9065.478516 1.000129 0.001120 2.785709
422 9087.011719 1.000156 0.001357 2.478913
423 9108.544922 1.000171 0.001481 2.172117
424 9130.078125 1.000170 0.001472 1.865321
425 9151.611328 1.000153 0.001326 1.558524
426 9173.144531 1.000121 0.001052 1.251728
427 9194.677734 1.000078 0.000678 0.944932
428 9216.210938 1.000028 0.000247 0.638136
429 9237.744141 0.999978 -0.000189 0.331340
430 9259.277344 0.999934 -0.000573 0.024544
431 9280.810547 0.999901 -0.000856 -0.282252
432 9302.343750 0.999883 -0.001014 -0.589049
433 9323.876953 0.999878 -0.001058 -0.895845
434 9345.410156 0.999878 -0.001059 -1.202641
435 9366.943359 0.999866 -0.001168 -1.509437
436 9388.476562 0.999812 -0.001636 -1.816233
437 9410.009766 0.999673 -0.002838 -2.123029
438 9431.542969 0.999391 -0.005291 -2.429826
439 9453.076172 0.998887 -0.009674 -2.736622
440 9474.609375 0.998063 -0.016838 -3.043418
441 9496.142578 0.996802 -0.027818 2.932971
442 9517.675781 0.994966 -0.043836 2.626175
443 9539.208984 0.992396 -0.066300 2.319379
444 9560.742188 0.988918 -0.096796 2.012583
445 9582.275391 0.984342 -0.137078 1.705787
446 9603.808594 0.978470 -0.189052 1.398990
447 9625.341797 0.971096 -0.254761 1.092194
448 9646.875000 0.962016 -0.336358 0.785398
449 9668.408203 0.951033 -0.436091 0.478602
450 9689.941406 0.937964 -0.556280 0.171806
451 9711.474609 0.922646 -0.699299 -0.134990
452 9733.007812 0.904945 -0.867556 -0.441786
453 9754.541016 0.884761 -1.063479 -0.748583
454 9776.074219 0.862035 -1.289507 -1.055379
455 9797.607422 0.836751 -1.548077 -1.362175
456 9819.140625 0.808945 -1.841622 -1.668971
457 9840.673828 0.778703 -2.172569 -1.975767
458 9862.207031 0.746162 -2.543337 -2.282563
459 9883.740234 0.711513 -2.956348 -2.589360
460 9905.273438 0.674992 -3.414028 -2.896156
461 9926.806641 0.636882 -3.918820 3.080233
462 9948.339844 0.597503 -4.473200 2.773437
463 9969.873047 0.557206 -5.079687 2.466641
464 9991.406250 0.516365 -5.740866 2.159845
465 10012.939453 0.475368 -6.459408 1.853049
466 10034.472656 0.434606 -7.238095 1.546253
467 10056.005859 0.394464 -8.079848 1.239456
468 10077.539062 0.355314 -8.987758 0.932660
469 10099.072266 0.317500 -9.965127 0.625864
470 10120.605469 0.281336 -11.015506 0.319068
471 10142.138672 0.247094 -12.142750 0.012272
472 10163.671875 0.215004 -13.351074 -0.294524
473 10185.205078 0.185244 -14.645127 -0.601320
474 10206.738281 0.157942 -16.030071 -0.908117
475 10228.271484 0.133173 -17.511692 -1.214913
476 10249.804688 0.110962 -19.096517 -1.521709
477 10271.337891 0.091285 -20.791977 -1.828505
478 10292.871094 0.074075 -22.606597 -2.135301
479 10314.404297 0.059223 -24.550246 -2.442097
480 10335.937500 0.046588 -26.634446 -2.748894
481 10357.470703 0.036005 -28.872778 -3.055690
482 10379.003906 0.027285 -31.281402 2.920699
483 10400.537109 0.020231 -33.879734 2.613903
484 10422.070312 0.014636 -36.691310 2.307107
485 10443.603516 0.010298 -39.744874 2.000311
486 10465.136719 0.007018 -43.075643 1.693515
487 10486.669922 0.004610 -46.726442 1.386719
488 10508.203125 0.002901 -50.747643 1.079922
489 10529.736328 0.001739 -55.192276 0.773126
490 10551.269531 0.000989 -60.094967 0.466330
491 10572.802734 0.000537 -65.401085 0.159534
492 10594.335938 0.000289 -70.771045 -0.147262
493 10615.869141 0.000172 -75.273508 -0.454058
494 10637.402344 0.000130 -77.736426 -0.760854
495 10658.935547 0.000122 -78.296524 -1.067651
496 10680.468750 0.000122 -78.302133 -1.374447
497 10702.001953 0.000114 -78.840640 -1.681243
498 10723.535156 0.000093 -80.618343 -1.988039
499 10745.068359 0.000058 -84.766373 -2.294835
500 10766.601562 0.000012 -98.503162 -2.601631
501 10788.134766 0.000039 -88.249653 0.233165
502 10809.667969 0.000087 -81.164336 -0.073631
503 10831.201172 0.000129 -77.820858 -0.380427
504 10852.734375 0.000157 -76.065771 -0.687223
505 10874.267578 0.000171 -75.339568 -0.994020
506 10895.800781 0.000169 -75.451383 -1.300816
507 10917.333984 0.000152 -76.379474 -1.607612
508 10938.867188 0.000122 -78.259250 -1.914408
509 10960.400391 0.000084 -81.529350 -2.221204
510 10981.933594 0.000041 -87.760062 -2.528000
511 11003.466797 0.000002 -112.915276 0.306796
512 11025.000000 0.000042 -87.599920 0.000000
513 11046.533203 0.000074 -82.612620 -0.306796
514 11068.066406 0.000097 -80.275202 -0.613592
515 11089.599609 0.000109 -79.254872 -0.920388
516 11111.132812 0.000110 -79.167726 -1.227185
517 11132.666016 0.000101 -79.912848 -1.533981
518 11154.199219 0.000084 -81.565866 -1.840777
519 11175.732422 0.000060 -84.457466 -2.147573
520 11197.265625 0.000033 -89.695979 -2.454369
521 11218.798828 0.000005 -106.128904 -2.761165
522 11240.332031 0.000021 -93.562093 0.073631
523 11261.865234 0.000043 -87.367478 -0.233165
524 11283.398438 0.000059 -84.595025 -0.539961
525 11304.931641 0.000068 -83.312122 -0.846757
526 11326.464844 0.000071 -83.017596 -1.153554
527 11347.998047 0.000066 -83.564035 -1.460350
528 11369.531250 0.000056 -84.989368 -1.767146
529 11391.064453 0.000042 -87.555252 -2.073942
530 11412.597656 0.000025 -92.112135 -2.380738
531 11434.130859 0.000007 -103.408840 -2.687534
532 11455.664062 0.000011 -99.565587 0.147262
533 11477.197266 0.000025 -91.871157 -0.159534
534 11498.730469 0.000037 -88.635199 -0.466330
535 11520.263672 0.000044 -87.080411 -0.773126
536 11541.796875 0.000047 -86.573868 -1.079922
537 11563.330078 0.000045 -86.921085 -1.386719
538 11584.863281 0.000039 -88.125584 -1.693515
539 11606.396484 0.000030 -90.392400 -2.000311
540 11627.929688 0.000019 -94.386249 -2.307107
541 11649.462891 0.000007 -103.121604 -2.613903
542 11670.996094 0.000005 -106.167416 0.220893
543 11692.529297 0.000016 -96.171642 -0.085903
544 11714.062500 0.000024 -92.392751 -0.392699
545 11735.595703 0.000030 -90.544432 -0.699495
546 11757.128906 0.000032 -89.819083 -1.006291
547 11778.662109 0.000032 -89.967307 -1.313088
548 11800.195312 0.000028 -90.957938 -1.619884
549 11821.728516 0.000023 -92.946668 -1.926680
550 11843.261719 0.000015 -96.456166 -2.233476
551 11864.794922 0.000007 -103.542539 -2.540272
552 11886.328125 0.000002 -114.822544 0.294524
553 11907.861328 0.000010 -100.370103 -0.012272
554 11929.394531 0.000016 -95.923763 -0.319068
555 11950.927734 0.000021 -93.750909 -0.625864
556 11972.460938 0.000023 -92.797051 -0.932660
557 11993.994141 0.000023 -92.745395 -1.239456
558 12015.527344 0.000021 -93.528194 -1.546253
559 12037.060547 0.000017 -95.256935 -1.853049
560 12058.593750 0.000012 -98.343009 -2.159845
561 12080.126953 0.000006 -104.251778 -2.466641
562 12101.660156 0.000000 -144.312421 0.368155
563 12123.193359 0.000006 -104.595872 0.061359
564 12144.726562 0.000011 -99.291245 -0.245437
565 12166.259766 0.000015 -96.752038 -0.552233
566 12187.792969 0.000017 -95.556528 -0.859029
567 12209.326172 0.000017 -95.302485 -1.165825
568 12230.859375 0.000016 -95.882200 -1.472622
569 12252.392578 0.000014 -97.366549 -1.779418
570 12273.925781 0.000010 -100.078122 -2.086214
571 12295.458984 0.000006 -105.093787 -2.393010
572 12316.992188 0.000001 -120.585462 -2.699806
573 12338.525391 0.000004 -109.028983 0.134990
574 12360.058594 0.000007 -102.556969 -0.171806
575 12381.591797 0.000010 -99.595090 -0.478602
576 12403.125000 0.000012 -98.140615 -0.785398
577 12424.658203 0.000013 -97.679760 -1.092194
578 12446.191406 0.000013 -98.059671 -1.398990
579 12467.724609 0.000011 -99.312808 -1.705787
580 12489.257812 0.000008 -101.689488 -2.012583
581 12510.791016 0.000005 -105.998925 -2.319379
582 12532.324219 0.000001 -116.541167 -2.626175
583 12553.857422 0.000002 -113.977751 0.208621
584 12575.390625 0.000005 -105.783483 -0.098175
585 12596.923828 0.000008 -102.321717 -0.404971
586 12618.457031 0.000009 -100.585734 -0.711767
587 12639.990234 0.000010 -99.911423 -1.018563
588 12661.523438 0.000010 -100.093232 -1.325359
589 12683.056641 0.000009 -101.126017 -1.632156
590 12704.589844 0.000007 -103.199925 -1.938952
591 12726.123047 0.000005 -106.932748 -2.245748
592 12747.656250 0.000002 -114.990603 -2.552544
593 12769.189453 0.000001 -120.152733 0.282252
594 12790.722656 0.000004 -109.040241 -0.024544
595 12812.255859 0.000006 -104.969525 -0.331340
596 12833.789062 0.000007 -102.922714 -0.638136
597 12855.322266 0.000008 -102.025714 -0.944932
598 12876.855469 0.000008 -102.009440 -1.251728
599 12898.388672 0.000007 -102.830544 -1.558524
600 12919.921875 0.000006 -104.627721 -1.865321
601 12941.455078 0.000004 -107.877365 -2.172117
602 12962.988281 0.000002 -114.372766 -2.478913
603 12984.521484 0.000000 -130.411430 0.355884
604 13006.054688 0.000002 -112.414626 0.049087
605 13027.587891 0.000004 -107.574221 -0.257709
606 13049.121094 0.000006 -105.178194 -0.564505
607 13070.654297 0.000006 -104.046182 -0.871301
608 13092.187500 0.000006 -103.830058 -1.178097
609 13113.720703 0.000006 -104.446088 -1.484893
610 13135.253906 0.000005 -105.987606 -1.791690
611 13156.787109 0.000004 -108.823403 -2.098486
612 13178.320312 0.000002 -114.222466 -2.405282
613 13199.853516 0.000000 -136.176578 -2.712078
614 13221.386719 0.000002 -116.033776 0.122718
615 13242.919922 0.000003 -110.172140 -0.184078
616 13264.453125 0.000004 -107.375955 -0.490874
617 13285.986328 0.000005 -105.992836 -0.797670
618 13307.519531 0.000005 -105.573149 -1.104466
619 13329.052734 0.000005 -105.988762 -1.411262
620 13350.585938 0.000004 -107.291591 -1.718058
621 13372.119141 0.000003 -109.766144 -2.024855
622 13393.652344 0.000002 -114.341952 -2.331651
623 13415.185547 0.000000 -126.740201 -2.638447
624 13436.718750 0.000001 -120.116417 0.196350
625 13458.251953 0.000002 -112.803456 -0.110447
626 13479.785156 0.000003 -109.538136 -0.417243
627 13501.318359 0.000004 -107.883084 -0.724039
628 13522.851562 0.000004 -107.253963 -1.030835
629 13544.384766 0.000004 -107.471945 -1.337631
630 13565.917969 0.000004 -108.549622 -1.644427
631 13587.451172 0.000003 -110.703524 -1.951224
632 13608.984375 0.000002 -114.631097 -2.258020
633 13630.517578 0.000001 -123.602492 -2.564816
634 13652.050781 0.000001 -125.130525 0.269981
635 13673.583984 0.000002 -115.516938 -0.036816
636 13695.117188 0.000003 -111.686414 -0.343612
637 13716.650391 0.000003 -109.732506 -0.650408
638 13738.183594 0.000004 -108.885628 -0.957204
639 13759.716797 0.000004 -108.906921 -1.264000
640 13781.250000 0.000003 -109.770069 -1.570796
641 13802.783203 0.000003 -111.635044 -1.877592
642 13824.316406 0.000002 -115.033597 -2.184389
643 13845.849609 0.000001 -122.072625 -2.491185
644 13867.382812 0.000000 -132.527093 0.343612
645 13888.916016 0.000001 -118.378045 0.036816
646 13910.449219 0.000002 -113.843285 -0.269981
647 13931.982422 0.000003 -111.555524 -0.576777
648 13953.515625 0.000003 -110.479688 -0.883573
649 13975.048828 0.000003 -110.303379 -1.190369
650 13996.582031 0.000003 -110.960095 -1.497165
651 14018.115234 0.000002 -112.561136 -1.803961
652 14039.648438 0.000002 -115.515526 -2.110758
653 14061.181641 0.000001 -121.275170 -2.417554
654 14082.714844 0.000000 -169.669150 0.417243
655 14104.248047 0.000001 -121.484798 0.110447
656 14125.781250 0.000002 -116.033646 -0.196350
657 14147.314453 0.000002 -113.365995 -0.503146
658 14168.847656 0.000002 -112.046543 -0.809942
659 14190.380859 0.000003 -111.669785 -1.116738
660 14211.914062 0.000002 -112.125925 -1.423534
661 14233.447266 0.000002 -113.482805 -1.730330
662 14254.980469 0.000002 -116.055448 -2.037126
663 14276.513672 0.000001 -120.889133 -2.343923
664 14298.046875 0.000000 -135.536958 -2.650719
665 14319.580078 0.000001 -125.003904 0.184078
666 14341.113281 0.000001 -118.287014 -0.122718
667 14362.646484 0.000002 -115.177813 -0.429515
668 14384.179688 0.000002 -113.595814 -0.736311
669 14405.712891 0.000002 -113.013687 -1.043107
670 14427.246094 0.000002 -113.273064 -1.349903
671 14448.779297 0.000002 -114.401400 -1.656699
672 14470.312500 0.000001 -116.639367 -1.963495
673 14491.845703 0.000001 -120.762437 -2.270292
674 14513.378906 0.000000 -130.732904 -2.577088
675 14534.912109 0.000000 -129.271203 0.257709
676 14556.445312 0.000001 -120.640989 -0.049087
677 14577.978516 0.000001 -117.005565 -0.355884
678 14599.511719 0.000002 -115.136662 -0.662680
679 14621.044922 0.000002 -114.341946 -0.969476
680 14642.578125 0.000002 -114.406456 -1.276272
681 14664.111328 0.000002 -115.318485 -1.583068
682 14685.644531 0.000001 -117.257947 -1.889864
683 14707.177734 0.000001 -120.812044 -2.196660
684 14728.710938 0.000000 -128.436801 -2.503457
685 14750.244141 0.000000 -135.178324 0.331340
686 14771.777344 0.000001 -123.147275 0.024544
687 14793.310547 0.000001 -118.865336 -0.282252
688 14814.843750 0.000001 -116.678093 -0.589049
689 14836.376953 0.000002 -115.660934 -0.895845
690 14857.910156 0.000002 -115.530614 -1.202641
691 14879.443359 0.000002 -116.235755 -1.509437
692 14900.976562 0.000001 -117.904887 -1.816233
693 14922.509766 0.000001 -120.988320 -2.123029
694 14944.042969 0.000000 -127.141508 -2.429826
695 14965.576172 0.000000 -147.446097 0.404971
696 14987.109375 0.000001 -125.883227 0.098175
697 15008.642578 0.000001 -120.775790 -0.208621
698 15030.175781 0.000001 -118.229260 -0.515418
699 15051.708984 0.000001 -116.976709 -0.822214
700 15073.242188 0.000001 -116.649727 -1.129010
701 15094.775391 0.000001 -117.154986 -1.435806
702 15116.308594 0.000001 -118.575932 -1.742602
703 15137.841797 0.000001 -121.259685 -2.049398
704 15159.375000 0.000000 -126.381893 -2.356194
705 15180.908203 0.000000 -144.513515 -2.662991
706 15202.441406 0.000000 -128.976888 0.171806
707 15223.974609 0.000001 -122.759761 -0.134990
708 15245.507812 0.000001 -119.799801 -0.441786
709 15267.041016 0.000001 -118.295159 -0.748583
710 15288.574219 0.000001 -117.767745 -1.055379
711 15310.107422 0.000001 -118.078006 -1.362175
712 15331.640625 0.000001 -119.268242 -1.668971
713 15353.173828 0.000001 -121.605135 -1.975767
714 15374.707031 0.000001 -125.953669 -2.282563
715 15396.240234 0.000000 -137.223208 -2.589360
716 15417.773438 0.000000 -132.670929 0.245437
717 15439.306641 0.000001 -124.846762 -0.061359
718 15460.839844 0.000001 -121.400251 -0.368155
719 15482.373047 0.000001 -119.622154 -0.674952
720 15503.906250 0.000001 -118.888455 -0.981748
721 15525.439453 0.000001 -119.006679 -1.288544
722 15546.972656 0.000001 -119.979974 -1.595340
723 15568.505859 0.000001 -122.010227 -1.902136
724 15590.039062 0.000001 -125.749634 -2.208932
725 15611.572266 0.000000 -134.113301 -2.515728
726 15633.105469 0.000000 -137.533251 0.319068
727 15654.638672 0.000000 -127.077263 0.012272
728 15676.171875 0.000001 -123.042559 -0.294524
729 15697.705078 0.000001 -120.963692 -0.601320
730 15719.238281 0.000001 -120.015540 -0.908117
731 15740.771484 0.000001 -119.942892 -1.214913
732 15762.304688 0.000001 -120.710008 -1.521709
733 15783.837891 0.000001 -122.464792 -1.828505
734 15805.371094 0.000001 -125.707050 -2.135301
735 15826.904297 0.000000 -132.358584 -2.442097
736 15848.437500 0.000000 -145.602827 0.392699
737 15869.970703 0.000000 -129.510587 0.085903
738 15891.503906 0.000001 -124.740809 -0.220893
739 15913.037109 0.000001 -122.326058 -0.527689
740 15934.570312 0.000001 -121.152645 -0.834486
741 15956.103516 0.000001 -120.888554 -1.141282
742 15977.636719 0.000001 -121.457753 -1.448078
743 15999.169922 0.000001 -122.961544 -1.754874
744 16020.703125 0.000001 -125.786396 -2.061670
745 16042.236328 0.000000 -131.280043 -2.368466
746 16063.769531 0.000000 -158.392576 -2.675262
747 16085.302734 0.000000 -132.241021 0.159534
748 16106.835938 0.000000 -126.512280 -0.147262
749 16128.369141 0.000001 -123.716006 -0.454058
750 16149.902344 0.000001 -122.303424 -0.760854
751 16171.435547 0.000001 -121.845591 -1.067651
752 16192.968750 0.000001 -122.223003 -1.374447
753 16214.501953 0.000001 -123.495198 -1.681243
754 16236.035156 0.000001 -125.961427 -1.988039
755 16257.568359 0.000000 -130.606615 -2.294835
756 16279.101562 0.000000 -143.958941 -2.601631
757 16300.634766 0.000000 -135.435300 0.233165
758 16322.167969 0.000000 -128.379062 -0.073631
759 16343.701172 0.000001 -125.140984 -0.380427
760 16365.234375 0.000001 -123.471593 -0.687223
761 16386.767578 0.000001 -122.815943 -0.994020
762 16408.300781 0.000001 -123.005843 -1.300816
763 16429.833984 0.000001 -124.061893 -1.607612
764 16451.367188 0.000000 -126.214020 -1.914408
765 16472.900391 0.000000 -130.203075 -2.221204
766 16494.433594 0.000000 -139.671752 -2.528000
767 16515.966797 0.000000 -139.438591 0.306796
768 16537.500000 0.000000 -130.370712 0.000000
769 16559.033203 0.000000 -126.609416 -0.306796
770 16580.566406 0.000001 -124.660980 -0.613592
771 16602.099609 0.000001 -123.801558 -0.920388
772 16623.632812 0.000001 -123.806563 -1.227185
773 16645.166016 0.000001 -124.658794 -1.533981
774 16666.699219 0.000000 -126.531277 -1.840777
775 16688.232422 0.000000 -129.992615 -2.147573
776 16709.765625 0.000000 -137.378787 -2.454369
777 16731.298828 0.000000 -145.192027 0.380427
778 16752.832031 0.000000 -132.528868 0.073631
779 16774.365234 0.000000 -128.131084 -0.233165
780 16795.898438 0.000001 -125.875574 -0.539961
781 16817.431641 0.000001 -124.804382 -0.846757
782 16838.964844 0.000001 -124.625595 -1.153554
783 16860.498047 0.000001 -125.283817 -1.460350
784 16882.031250 0.000000 -126.903798 -1.767146
785 16903.564453 0.000000 -129.927716 -2.073942
786 16925.097656 0.000000 -135.970958 -2.380738
787 16946.630859 0.000000 -158.053470 0.454058
788 16968.164062 0.000000 -134.915929 0.147262
789 16989.697266 0.000000 -129.717647 -0.159534
790 17011.230469 0.000000 -127.119570 -0.466330
791 17032.763672 0.000001 -125.826344 -0.773126
792 17054.296875 0.000001 -125.463456 -1.079922
793 17075.830078 0.000001 -125.935420 -1.386719
794 17097.363281 0.000000 -127.324599 -1.693515
795 17118.896484 0.000000 -129.977154 -2.000311
796 17140.429688 0.000000 -135.066189 -2.307107
797 17161.962891 0.000000 -153.094671 -2.613903
798 17183.496094 0.000000 -137.633107 0.220893
799 17205.029297 0.000000 -131.383403 -0.085903
800 17226.562500 0.000000 -128.397418 -0.392699
801 17248.095703 0.000000 -126.869330 -0.699495
802 17269.628906 0.000000 -126.320689 -1.006291
803 17291.162109 0.000000 -126.612441 -1.313088
804 17312.695312 0.000000 -127.788392 -1.619884
805 17334.228516 0.000000 -130.119464 -1.926680
806 17355.761719 0.000000 -134.487401 -2.233476
807 17377.294922 0.000000 -146.003875 -2.540272
808 17398.828125 0.000000 -140.863476 0.294524
809 17420.361328 0.000000 -133.146429 -0.012272
810 17441.894531 0.000000 -129.713863 -0.319068
811 17463.427734 0.000000 -127.935139 -0.625864
812 17484.960938 0.000000 -127.197804 -0.932660
813 17506.494141 0.000000 -127.313976 -1.239456
814 17528.027344 0.000000 -128.291102 -1.546253
815 17549.560547 0.000000 -130.339369 -1.853049
816 17571.093750 0.000000 -134.138345 -2.159845
817 17592.626953 0.000000 -142.816979 -2.466641
818 17614.160156 0.000000 -144.998320 0.368155
819 17635.693359 0.000000 -135.030374 0.061359
820 17657.226562 0.000000 -131.073978 -0.245437
821 17678.759766 0.000000 -129.025423 -0.552233
822 17700.292969 0.000000 -128.095204 -0.859029
823 17721.826172 0.000000 -128.039258 -1.165825
824 17743.359375 0.000000 -128.829515 -1.472622
825 17764.892578 0.000000 -130.625677 -1.779418
826 17786.425781 0.000000 -133.961165 -2.086214
827 17807.958984 0.000000 -140.955873 -2.393010
828 17829.492188 0.000000 -151.172113 0.441786
829 17851.025391 0.000000 -137.067434 0.134990
830 17872.558594 0.000000 -132.483183 -0.171806
831 17894.091797 0.000000 -130.141593 -0.478602
832 17915.625000 0.000000 -129.013103 -0.785398
833 17937.158203 0.000000 -128.787551 -1.092194
834 17958.691406 0.000000 -129.401009 -1.398990
835 17980.224609 0.000000 -130.969973 -1.705787
836 18001.757812 0.000000 -133.918572 -2.012583
837 18023.291016 0.000000 -139.774677 -2.319379
838 18044.824219 0.000000 -167.984736 0.515418
839 18066.357422 0.000000 -139.303611 0.208621
840 18087.890625 0.000000 -133.947219 -0.098175
841 18109.423828 0.000000 -131.284684 -0.404971
842 18130.957031 0.000000 -129.951412 -0.711767
843 18152.490234 0.000000 -129.558035 -1.018563
844 18174.023438 0.000000 -130.003343 -1.325359
845 18195.556641 0.000000 -131.365767 -1.632156
846 18217.089844 0.000000 -133.985270 -1.938952
847 18238.623047 0.000000 -139.011446 -2.245748
848 18260.156250 0.000000 -156.307484 -2.552544
849 18281.689453 0.000000 -141.808772 0.282252
850 18303.222656 0.000000 -135.472066 -0.024544
851 18324.755859 0.000000 -132.455160 -0.331340
852 18346.289062 0.000000 -130.909605 -0.638136
853 18367.822266 0.000000 -130.349688 -0.944932
854 18389.355469 0.000000 -130.634474 -1.251728
855 18410.888672 0.000000 -131.807895 -1.558524
856 18432.421875 0.000000 -134.143394 -1.865321
857 18453.955078 0.000000 -138.534278 -2.172117
858 18475.488281 0.000000 -150.239204 -2.478913
859 18497.021484 0.000000 -144.698058 0.355884
860 18518.554688 0.000000 -137.063740 0.049087
861 18540.087891 0.000000 -133.652638 -0.257709
862 18561.621094 0.000000 -131.886532 -0.564505
863 18583.154297 0.000000 -131.161138 -0.871301
864 18604.687500 0.000000 -131.292381 -1.178097
865 18626.220703 0.000000 -132.292094 -1.484893
866 18647.753906 0.000000 -134.379893 -1.791690
867 18669.287109 0.000000 -138.267780 -2.098486
868 18690.820312 0.000000 -147.354296 -2.405282
869 18712.353516 0.000000 -148.184726 0.429515
870 18733.886719 0.000000 -138.727878 0.122718
871 18755.419922 0.000000 -134.875499 -0.184078
872 18776.953125 0.000000 -132.880186 -0.490874
873 18798.486328 0.000000 -131.990497 -0.797670
874 18820.019531 0.000000 -131.974896 -1.104466
875 18841.552734 0.000000 -132.814658 -1.411262
876 18863.085938 0.000000 -134.684918 -1.718058
877 18884.619141 0.000000 -138.165105 -2.024855
878 18906.152344 0.000000 -145.667624 -2.331651
879 18927.685547 0.000000 -152.744265 0.503146
880 18949.218750 0.000000 -140.468958 0.196350
881 18970.751953 0.000000 -136.120361 -0.110447
882 18992.285156 0.000000 -133.887411 -0.417243
883 19013.818359 0.000000 -132.835154 -0.724039
884 19035.351562 0.000000 -132.679515 -1.030835
885 19056.884766 0.000000 -133.372150 -1.337631
886 19078.417969 0.000000 -135.050768 -1.644427
887 19099.951172 0.000000 -138.195360 -1.951224
888 19121.484375 0.000000 -144.625980 -2.258020
889 19143.017578 0.000000 -159.896727 0.576777
890 19164.550781 0.000000 -142.288862 0.269981
891 19186.083984 0.000000 -137.381361 -0.036816
892 19207.617188 0.000000 -134.903530 -0.343612
893 19229.150391 0.000000 -133.691528 -0.650408
894 19250.683594 0.000000 -133.403189 -0.957204
895 19272.216797 0.000000 -133.961142 -1.264000
896 19293.750000 0.000000 -135.471155 -1.570796
897 19315.283203 0.000000 -138.337236 -1.877592
898 19336.816406 0.000000 -143.996533 -2.184389
899 19358.349609 0.000000 -196.177353 -2.491184
900 19379.882812 0.000000 -144.184341 0.343612
901 19401.416016 0.000000 -138.649250 0.036816
902 19422.949219 0.000000 -135.921908 -0.269981
903 19444.482422 0.000000 -134.554782 -0.576777
904 19466.015625 0.000000 -134.142089 -0.883573
905 19487.548828 0.000000 -134.577946 -1.190369
906 19509.082031 0.000000 -135.940638 -1.497165
907 19530.615234 0.000000 -138.575451 -1.803961
908 19552.148438 0.000000 -143.660382 -2.110758
909 19573.681641 0.000000 -161.875728 -2.417554
910 19595.214844 0.000000 -146.142671 0.417243
911 19616.748047 0.000000 -139.910284 0.110447
912 19638.281250 0.000000 -136.933454 -0.196350
913 19659.814453 0.000000 -135.418492 -0.503146
914 19681.347656 0.000000 -134.891330 -0.809942
915 19702.880859 0.000000 -135.218336 -1.116738
916 19724.414062 0.000000 -136.454166 -1.423534
917 19745.947266 0.000000 -138.898618 -1.730330
918 19767.480469 0.000000 -143.549669 -2.037126
919 19789.013672 0.000000 -157.169817 -2.343923
920 19810.546875 0.000000 -148.134609 0.490874
921 19832.080078 0.000000 -141.145052 0.184078
922 19853.613281 0.000000 -137.926121 -0.122718
923 19875.146484 0.000000 -136.274293 -0.429515
924 19896.679688 0.000000 -135.644669 -0.736311
925 19918.212891 0.000000 -135.877247 -1.043107
926 19939.746094 0.000000 -137.006648 -1.349903
927 19961.279297 0.000000 -139.297840 -1.656699
928 19982.812500 0.000000 -143.622989 -1.963495
929 20004.345703 0.000000 -155.001145 -2.270292
930 20025.878906 0.000000 -150.104064 0.564505
931 20047.412109 0.000000 -142.327482 0.257709
932 20068.945312 0.000000 -138.884489 -0.049087
933 20090.478516 0.000000 -137.111548 -0.355884
934 20112.011719 0.000000 -136.394185 -0.662680
935 20133.544922 0.000000 -136.548430 -0.969476
936 20155.078125 0.000000 -137.592526 -1.276272
937 20176.611328 0.000000 -139.765696 -1.583068
938 20198.144531 0.000000 -143.854113 -1.889864
939 20219.677734 0.000000 -153.949947 -2.196660
940 20241.210938 0.000000 -151.956075 0.638136
941 20262.744141 0.000000 -143.424556 0.331340
942 20284.277344 0.000000 -139.789599 0.024544
943 20305.810547 0.000000 -137.917101 -0.282252
944 20327.343750 0.000000 -137.129961 -0.589049
945 20348.876953 0.000000 -137.224088 -0.895845
946 20370.410156 0.000000 -138.205326 -1.202641
947 20391.943359 0.000000 -140.295419 -1.509437
948 20413.476562 0.000000 -144.226190 -1.816233
949 20435.009766 0.000000 -153.587354 -2.123029
950 20456.542969 0.000000 -153.550678 0.711767
951 20478.076172 0.000000 -144.397481 0.404971
952 20499.609375 0.000000 -140.619277 0.098175
953 20521.142578 0.000000 -138.675224 -0.208621
954 20542.675781 0.000000 -137.839843 -0.515418
955 20564.208984 0.000000 -137.894501 -0.822214
956 20585.742188 0.000000 -138.837159 -1.129010
957 20607.275391 0.000000 -140.880124 -1.435806
958 20628.808594 0.000000 -144.728467 -1.742602
959 20650.341797 0.000000 -153.746780 -2.049398
960 20671.875000 0.000000 -154.719235 0.785398
961 20693.408203 0.000000 -145.205109 0.478602
962 20714.941406 0.000000 -141.349184 0.171806
963 20736.474609 0.000000 -139.367910 -0.134990
964 20758.007812 0.000000 -138.509349 -0.441786
965 20779.541016 0.000000 -138.547685 -0.748583
966 20801.074219 0.000000 -139.478173 -1.055379
967 20822.607422 0.000000 -141.512009 -1.362175
968 20844.140625 0.000000 -145.354213 -1.668971
969 20865.673828 0.000000 -154.374152 -1.975767
970 20887.207031 0.000000 -155.317922 0.859029
971 20908.740234 0.000000 -145.809854 0.552233
972 20930.273438 0.000000 -141.954792 0.245437
973 20951.806641 0.000000 -139.975643 -0.061359
974 20973.339844 0.000000 -139.121842 -0.368155
975 20994.873047 0.000000 -139.169168 -0.674952
976 21016.406250 0.000000 -140.115999 -0.981748
977 21037.939453 0.000000 -142.181446 -1.288544
978 21059.472656 0.000000 -146.099166 -1.595340
979 21081.005859 0.000000 -155.491227 -1.902136
980 21102.539062 0.000000 -155.298884 0.932660
981 21124.072266 0.000000 -146.185080 0.625864
982 21145.605469 0.000000 -142.414209 0.319068
983 21167.138672 0.000000 -140.478760 0.012272
984 21188.671875 0.000000 -139.659112 -0.294524
985 21210.205078 0.000000 -139.742001 -0.601320
986 21231.738281 0.000000 -140.735232 -0.908117
987 21253.271484 0.000000 -142.875917 -1.214913
988 21274.804688 0.000000 -146.960086 -1.521709
989 21296.337891 0.000000 -157.207247 -1.828505
990 21317.871094 0.000000 -154.739208 1.006291
991 21339.404297 0.000000 -146.321519 0.699495
992 21360.937500 0.000000 -142.711404 0.392699
993 21382.470703 0.000000 -140.859362 0.085903
994 21404.003906 0.000000 -140.102453 -0.220893
995 21425.537109 0.000000 -140.247140 -0.527689
996 21447.070312 0.000000 -141.317103 -0.834486
997 21468.603516 0.000000 -143.578807 -1.141282
998 21490.136719 0.000000 -147.932966 -1.448078
999 21511.669922 0.000000 -159.797250 -1.754874
1000 21533.203125 0.000000 -153.797385 1.079922
1001 21554.736328 0.000000 -146.229850 0.773126
1002 21576.269531 0.000000 -142.838998 0.466330
1003 21597.802734 0.000000 -141.103499 0.159534
1004 21619.335938 0.000000 -140.434236 -0.147262
1005 21640.869141 0.000000 -140.664358 -0.454058
1006 21662.402344 0.000000 -141.839521 -0.760854
1007 21683.935547 0.000000 -144.268135 -1.067651
1008 21705.468750 0.000000 -149.010438 -1.374447
1009 21727.001953 0.000000 -164.020234 -1.681243
1010 21748.535156 0.000000 -152.641787 1.153554
1011 21770.068359 0.000000 -145.938198 0.846757
1012 21791.601562 0.000000 -142.799717 0.539961
1013 21813.134766 0.000000 -141.203192 0.233165
1014 21834.667969 0.000000 -140.639832 -0.073631
1015 21856.201172 0.000000 -140.973744 -0.380427
1016 21877.734375 0.000000 -142.277755 -0.687223
1017 21899.267578 0.000000 -144.915505 -0.994020
1018 21920.800781 0.000000 -150.177639 -1.300816
1019 21942.333984 0.000000 -173.457856 -1.607612
1020 21963.867188 0.000000 -151.405659 1.227185
1021 21985.400391 0.000000 -145.485774 0.920388
1022 22006.933594 0.000000 -142.605976 0.613592
1023 22028.466797 0.000000 -141.157713 0.306796
1024 22050.000000 0.000000 -140.709504 0.000000
